time, tCompleted, tStarted, tForwarded, currentTransactions, tFailed, tTimedout, nDelay, cDelay, osDelay
1.05,0,0,0,-1,0,0.000000,0.000000,0.000000
,0,0,0,0,0,11711905921668651127245114035463936382624607367372861618952521785051367817533820282282998171146926539504166684405188272240881137800884065610400809119241048416797589504.000000,0.000000,0.000000
,0,0,0,0,0,0.000000,0.000000,0.000000
,0,0,0,0,0,67024814535179562700593213050311843715683518409840481404287978865090490229787920423034907511081103376885832685558369635437534872690523911224990582400545764143768408964782337926185743414458131198786766773211711109696118063104.000000,0.000000,0.000000
,0,0,0,0,0,0.000000,0.000000,0.000000
,0,0,0,0,0,0.000000,0.000000,0.000000
,0,0,0,0,0,0.000000,0.000000,0.000000
,0,0,0,0,0,0.000000,0.000000,0.000000
,0,0,0,0,0,0.000000,0.000000,0.000000
,0,0,0,0,0,0.000000,0.000000,0.000000
1.1,0,0,0,-1,0,0.000000,0.000000,0.000000
,0,0,0,0,0,11711905921668651127245114035463936382624607367372861618952521785051367817533820282282998171146926539504166684405188272240881137800884065610400809119241048416797589504.000000,0.000000,0.000000
,0,0,0,0,0,0.000000,0.000000,0.000000
,0,0,0,0,0,67024814535179562700593213050311843715683518409840481404287978865090490229787920423034907511081103376885832685558369635437534872690523911224990582400545764143768408964782337926185743414458131198786766773211711109696118063104.000000,0.000000,0.000000
,0,0,0,0,0,0.000000,0.000000,0.000000
,0,0,0,0,0,0.000000,0.000000,0.000000
,0,0,0,0,0,0.000000,0.000000,0.000000
,0,0,0,0,0,0.000000,0.000000,0.000000
,0,0,0,0,0,0.000000,0.000000,0.000000
,0,0,0,0,0,0.000000,0.000000,0.000000
1.15,0,0,0,-1,0,0.000000,0.000000,0.000000
,0,0,0,0,0,11711905921668651127245114035463936382624607367372861618952521785051367817533820282282998171146926539504166684405188272240881137800884065610400809119241048416797589504.000000,0.000000,0.000000
,0,0,0,0,0,0.000000,0.000000,0.000000
,0,0,0,0,0,67024814535179562700593213050311843715683518409840481404287978865090490229787920423034907511081103376885832685558369635437534872690523911224990582400545764143768408964782337926185743414458131198786766773211711109696118063104.000000,0.000000,0.000000
,0,0,0,0,0,0.000000,0.000000,0.000000
,0,0,0,0,0,0.000000,0.000000,0.000000
,0,0,0,0,0,0.000000,0.000000,0.000000
,0,0,0,0,0,0.000000,0.000000,0.000000
,0,0,0,0,0,0.000000,0.000000,0.000000
,0,0,0,0,0,0.000000,0.000000,0.000000
1.2,0,0,0,-1,0,0.000000,0.000000,0.000000
,0,0,0,0,0,11711905921668651127245114035463936382624607367372861618952521785051367817533820282282998171146926539504166684405188272240881137800884065610400809119241048416797589504.000000,0.000000,0.000000
,0,0,0,0,0,0.000000,0.000000,0.000000
,0,0,0,0,0,67024814535179562700593213050311843715683518409840481404287978865090490229787920423034907511081103376885832685558369635437534872690523911224990582400545764143768408964782337926185743414458131198786766773211711109696118063104.000000,0.000000,0.000000
,0,0,0,0,0,0.000000,0.000000,0.000000
,0,0,0,0,0,0.000000,0.000000,0.000000
,0,0,0,0,0,0.000000,0.000000,0.000000
,0,0,0,0,0,0.000000,0.000000,0.000000
,0,0,0,0,0,0.000000,0.000000,0.000000
,0,0,0,0,0,0.000000,0.000000,0.000000
1.25,0,0,0,-1,0,0.000000,0.000000,0.000000
,0,0,0,0,0,11711905921668651127245114035463936382624607367372861618952521785051367817533820282282998171146926539504166684405188272240881137800884065610400809119241048416797589504.000000,0.000000,0.000000
,0,0,0,0,0,0.000000,0.000000,0.000000
,0,0,0,0,0,67024814535179562700593213050311843715683518409840481404287978865090490229787920423034907511081103376885832685558369635437534872690523911224990582400545764143768408964782337926185743414458131198786766773211711109696118063104.000000,0.000000,0.000000
,0,0,0,0,0,0.000000,0.000000,0.000000
,0,0,0,0,0,0.000000,0.000000,0.000000
,0,0,0,0,0,0.000000,0.000000,0.000000
,0,0,0,0,0,0.000000,0.000000,0.000000
,0,0,0,0,0,0.000000,0.000000,0.000000
,0,0,0,0,0,0.000000,0.000000,0.000000
