time, tCompleted, tStarted, tForwarded, currentTransactions, tFailed, tTimedout, nDelay, cDelay, osDelay
1.05,0,0,0,-1,0,0.000000,0.000000,0.000000
,0,0,0,0,0,0.000000,0.000000,0.000000
,0,0,0,0,0,0.000000,0.000000,0.000000
,0,0,0,0,0,0.000000,0.000000,0.000000
,0,0,0,0,0,0.000000,0.000000,0.000000
,0,0,0,0,0,0.000000,0.000000,0.000000
,0,0,0,0,0,0.000000,0.000000,0.000000
,0,0,0,0,0,0.000000,0.000000,0.000000
,0,0,0,0,0,0.000000,0.000000,0.000000
,0,0,0,0,0,0.000000,0.000000,0.000000
1.1,0,0,0,-1,0,0.000000,0.000000,0.000000
,0,0,0,0,0,0.000000,0.000000,0.000000
,0,0,0,0,0,0.000000,0.000000,0.000000
,0,0,0,0,0,0.000000,0.000000,0.000000
,0,0,0,0,0,0.000000,0.000000,0.000000
,0,0,0,0,0,0.000000,0.000000,0.000000
,0,0,0,0,0,0.000000,0.000000,0.000000
,0,0,0,0,0,0.000000,0.000000,0.000000
,0,0,0,0,0,0.000000,0.000000,0.000000
,0,0,0,0,0,0.000000,0.000000,0.000000
1.15,0,0,0,-1,0,0.000000,0.000000,0.000000
,0,0,0,0,0,0.000000,0.000000,0.000000
,0,0,0,0,0,0.000000,0.000000,0.000000
,0,0,0,0,0,0.000000,0.000000,0.000000
,0,0,0,0,0,0.000000,0.000000,0.000000
,0,0,0,0,0,0.000000,0.000000,0.000000
,0,0,0,0,0,0.000000,0.000000,0.000000
,0,0,0,0,0,0.000000,0.000000,0.000000
,0,0,0,0,0,0.000000,0.000000,0.000000
,0,0,0,0,0,0.000000,0.000000,0.000000
1.2,0,0,0,-1,0,0.000000,0.000000,0.000000
,0,0,0,0,0,0.000000,0.000000,0.000000
,0,0,0,0,0,0.000000,0.000000,0.000000
,0,0,0,0,0,0.000000,0.000000,0.000000
,0,0,0,0,0,0.000000,0.000000,0.000000
,0,0,0,0,0,0.000000,0.000000,0.000000
,0,0,0,0,0,0.000000,0.000000,0.000000
,0,0,0,0,0,0.000000,0.000000,0.000000
,0,0,0,0,0,0.000000,0.000000,0.000000
,0,0,0,0,0,0.000000,0.000000,0.000000
1.25,0,0,0,-1,0,0.000000,0.000000,0.000000
,0,0,0,0,0,0.000000,0.000000,0.000000
,0,0,0,0,0,0.000000,0.000000,0.000000
,0,0,0,0,0,0.000000,0.000000,0.000000
,0,0,0,0,0,0.000000,0.000000,0.000000
,0,0,0,0,0,0.000000,0.000000,0.000000
,0,0,0,0,0,0.000000,0.000000,0.000000
,0,0,0,0,0,0.000000,0.000000,0.000000
,0,0,0,0,0,0.000000,0.000000,0.000000
,0,0,0,0,0,0.000000,0.000000,0.000000
1.3,0,0,0,-1,0,0.000000,0.000000,0.000000
,0,0,0,0,0,0.000000,0.000000,0.000000
,0,0,0,0,0,0.000000,0.000000,0.000000
,0,0,0,0,0,0.000000,0.000000,0.000000
,0,0,0,0,0,0.000000,0.000000,0.000000
,0,0,0,0,0,0.000000,0.000000,0.000000
,0,0,0,0,0,0.000000,0.000000,0.000000
,0,0,0,0,0,0.000000,0.000000,0.000000
,0,0,0,0,0,0.000000,0.000000,0.000000
,0,0,0,0,0,0.000000,0.000000,0.000000
1.35,0,0,0,-1,0,0.000000,0.000000,0.000000
,0,0,0,0,0,0.000000,0.000000,0.000000
,0,0,0,0,0,0.000000,0.000000,0.000000
,0,0,0,0,0,0.000000,0.000000,0.000000
,0,0,0,0,0,0.000000,0.000000,0.000000
,0,0,0,0,0,0.000000,0.000000,0.000000
,0,0,0,0,0,0.000000,0.000000,0.000000
,0,0,0,0,0,0.000000,0.000000,0.000000
,0,0,0,0,0,0.000000,0.000000,0.000000
,0,0,0,0,0,0.000000,0.000000,0.000000
1.4,0,0,0,-1,0,0.000000,0.000000,0.000000
,0,0,0,0,0,0.000000,0.000000,0.000000
,0,0,0,0,0,0.000000,0.000000,0.000000
,0,0,0,0,0,0.000000,0.000000,0.000000
,0,0,0,0,0,0.000000,0.000000,0.000000
,0,0,0,0,0,0.000000,0.000000,0.000000
,0,0,0,0,0,0.000000,0.000000,0.000000
,0,0,0,0,0,0.000000,0.000000,0.000000
,0,0,0,0,0,0.000000,0.000000,0.000000
,0,0,0,0,0,0.000000,0.000000,0.000000
1.45,0,0,0,-1,0,0.000000,0.000000,0.000000
,0,0,0,0,0,0.000000,0.000000,0.000000
,0,0,0,0,0,0.000000,0.000000,0.000000
,0,0,0,0,0,0.000000,0.000000,0.000000
,0,0,0,0,0,0.000000,0.000000,0.000000
,0,0,0,0,0,0.000000,0.000000,0.000000
,0,0,0,0,0,0.000000,0.000000,0.000000
,0,0,0,0,0,0.000000,0.000000,0.000000
,0,0,0,0,0,0.000000,0.000000,0.000000
,0,0,0,0,0,0.000000,0.000000,0.000000
1.5,0,0,0,-1,0,0.000000,0.000000,0.000000
,0,0,0,0,0,0.000000,0.000000,0.000000
,0,0,0,0,0,0.000000,0.000000,0.000000
,0,0,0,0,0,0.000000,0.000000,0.000000
,0,0,0,0,0,0.000000,0.000000,0.000000
,0,0,0,0,0,0.000000,0.000000,0.000000
,0,0,0,0,0,0.000000,0.000000,0.000000
,0,0,0,0,0,0.000000,0.000000,0.000000
,0,0,0,0,0,0.000000,0.000000,0.000000
,0,0,0,0,0,0.000000,0.000000,0.000000
1.55,0,0,0,-1,0,0.000000,0.000000,0.000000
,0,0,0,0,0,0.000000,0.000000,0.000000
,0,0,0,0,0,0.000000,0.000000,0.000000
,0,0,0,0,0,0.000000,0.000000,0.000000
,0,0,0,0,0,0.000000,0.000000,0.000000
,0,0,0,0,0,0.000000,0.000000,0.000000
,0,0,0,0,0,0.000000,0.000000,0.000000
,0,0,0,0,0,0.000000,0.000000,0.000000
,0,0,0,0,0,0.000000,0.000000,0.000000
,0,0,0,0,0,0.000000,0.000000,0.000000
1.6,0,0,0,-1,0,0.000000,0.000000,0.000000
,0,0,0,0,0,0.000000,0.000000,0.000000
,0,0,0,0,0,0.000000,0.000000,0.000000
,0,0,0,0,0,0.000000,0.000000,0.000000
,0,0,0,0,0,0.000000,0.000000,0.000000
,0,0,0,0,0,0.000000,0.000000,0.000000
,0,0,0,0,0,0.000000,0.000000,0.000000
,0,0,0,0,0,0.000000,0.000000,0.000000
,0,0,0,0,0,0.000000,0.000000,0.000000
,0,0,0,0,0,0.000000,0.000000,0.000000
1.65,0,0,0,-1,0,0.000000,0.000000,0.000000
,0,0,0,0,0,0.000000,0.000000,0.000000
,0,0,0,0,0,0.000000,0.000000,0.000000
,0,0,0,0,0,0.000000,0.000000,0.000000
,0,0,0,0,0,0.000000,0.000000,0.000000
,0,0,0,0,0,0.000000,0.000000,0.000000
,0,0,0,0,0,0.000000,0.000000,0.000000
,0,0,0,0,0,0.000000,0.000000,0.000000
,0,0,0,0,0,0.000000,0.000000,0.000000
,0,0,0,0,0,0.000000,0.000000,0.000000
1.7,0,0,0,-1,0,0.000000,0.000000,0.000000
,0,0,0,0,0,0.000000,0.000000,0.000000
,0,0,0,0,0,0.000000,0.000000,0.000000
,0,0,0,0,0,0.000000,0.000000,0.000000
,0,0,0,0,0,0.000000,0.000000,0.000000
,0,0,0,0,0,0.000000,0.000000,0.000000
,0,0,0,0,0,0.000000,0.000000,0.000000
,0,0,0,0,0,0.000000,0.000000,0.000000
,0,0,0,0,0,0.000000,0.000000,0.000000
,0,0,0,0,0,0.000000,0.000000,0.000000
1.75,0,0,0,-1,0,0.000000,0.000000,0.000000
,0,0,0,0,0,0.000000,0.000000,0.000000
,0,0,0,0,0,0.000000,0.000000,0.000000
,0,0,0,0,0,0.000000,0.000000,0.000000
,0,0,0,0,0,0.000000,0.000000,0.000000
,0,0,0,0,0,0.000000,0.000000,0.000000
,0,0,0,0,0,0.000000,0.000000,0.000000
,0,0,0,0,0,0.000000,0.000000,0.000000
,0,0,0,0,0,0.000000,0.000000,0.000000
,0,0,0,0,0,0.000000,0.000000,0.000000
1.8,0,0,0,-1,0,0.000000,0.000000,0.000000
,0,0,0,0,0,0.000000,0.000000,0.000000
,0,0,0,0,0,0.000000,0.000000,0.000000
,0,0,0,0,0,0.000000,0.000000,0.000000
,0,0,0,0,0,0.000000,0.000000,0.000000
,0,0,0,0,0,0.000000,0.000000,0.000000
,0,0,0,0,0,0.000000,0.000000,0.000000
,0,0,0,0,0,0.000000,0.000000,0.000000
,0,0,0,0,0,0.000000,0.000000,0.000000
,0,0,0,0,0,0.000000,0.000000,0.000000
1.85,0,0,0,-1,0,0.000000,0.000000,0.000000
,0,0,0,0,0,0.000000,0.000000,0.000000
,0,0,0,0,0,0.000000,0.000000,0.000000
,0,0,0,0,0,0.000000,0.000000,0.000000
,0,0,0,0,0,0.000000,0.000000,0.000000
,0,0,0,0,0,0.000000,0.000000,0.000000
,0,0,0,0,0,0.000000,0.000000,0.000000
,0,0,0,0,0,0.000000,0.000000,0.000000
,0,0,0,0,0,0.000000,0.000000,0.000000
,0,0,0,0,0,0.000000,0.000000,0.000000
1.9,0,1,1,-1,0,0.092001,0.000000,0.014890
,0,0,0,0,0,0.000000,0.000000,0.000000
,0,0,0,0,0,0.000000,0.000000,0.000000
,0,0,0,0,0,0.000000,0.000000,0.000000
,0,0,0,0,0,0.000000,0.000000,0.000000
,0,0,0,0,0,0.000000,0.000000,0.000000
,0,0,0,0,0,0.000000,0.000000,0.000000
,0,0,0,0,0,0.000000,0.000000,0.000000
,0,0,0,0,0,0.000000,0.000000,0.000000
,0,0,0,0,0,0.000000,0.000000,0.000000
1.95,0,1,1,-1,0,0.000000,0.000000,0.000000
,0,0,0,0,0,0.000000,0.000000,0.000000
,0,0,0,0,0,0.000000,0.000000,0.000000
,0,0,0,0,0,0.000000,0.000000,0.000000
,0,0,0,0,0,0.000000,0.000000,0.000000
,0,0,0,0,0,0.000000,0.000000,0.000000
,0,0,0,0,0,0.000000,0.000000,0.000000
,0,0,0,0,0,0.000000,0.000000,0.000000
,0,0,0,0,0,0.000000,0.000000,0.000000
,0,0,0,0,0,0.000000,0.000000,0.000000
2,0,1,1,-1,0,0.000000,0.000000,0.000000
,0,0,0,0,0,0.000000,0.000000,0.000000
,0,0,0,0,0,0.000000,0.000000,0.000000
,0,0,0,0,0,0.000000,0.000000,0.000000
,0,0,0,0,0,0.000000,0.000000,0.000000
,0,0,0,0,0,0.000000,0.000000,0.000000
,0,0,0,0,0,0.000000,0.000000,0.000000
,0,0,0,0,0,0.000000,0.000000,0.000000
,0,0,0,0,0,0.000000,0.000000,0.000000
,0,0,0,0,0,0.000000,0.000000,0.000000
2.05,0,1,1,-1,0,0.000000,0.000000,0.000000
,0,0,0,0,0,0.000000,0.000000,0.000000
,0,0,0,0,0,0.000000,0.000000,0.000000
,0,0,0,0,0,0.000000,0.000000,0.000000
,0,0,0,0,0,0.000000,0.000000,0.000000
,0,0,0,0,0,0.000000,0.000000,0.000000
,0,0,0,0,0,0.000000,0.000000,0.000000
,0,0,0,0,0,0.000000,0.000000,0.000000
,0,0,0,0,0,0.000000,0.000000,0.000000
,0,0,0,0,0,0.000000,0.000000,0.000000
2.1,0,1,1,-1,0,0.000000,0.000000,0.000000
,0,0,0,0,0,0.000000,0.000000,0.000000
,0,0,0,0,0,0.000000,0.000000,0.000000
,0,0,0,0,0,0.000000,0.000000,0.000000
,0,0,0,0,0,0.000000,0.000000,0.000000
,0,0,0,0,0,0.000000,0.000000,0.000000
,0,0,0,0,0,0.000000,0.000000,0.000000
,0,0,0,0,0,0.000000,0.000000,0.000000
,0,0,0,0,0,0.000000,0.000000,0.000000
,0,0,0,0,0,0.000000,0.000000,0.000000
2.15,0,1,1,-1,0,0.000000,0.000000,0.000000
,0,0,0,0,0,0.000000,0.000000,0.000000
,0,0,0,0,0,0.000000,0.000000,0.000000
,0,0,0,0,0,0.000000,0.000000,0.000000
,0,0,0,0,0,0.000000,0.000000,0.000000
,0,0,0,0,0,0.000000,0.000000,0.000000
,0,0,0,0,0,0.000000,0.000000,0.000000
,0,0,0,0,0,0.000000,0.000000,0.000000
,0,0,0,0,0,0.000000,0.000000,0.000000
,0,0,0,0,0,0.000000,0.000000,0.000000
2.2,0,1,1,-1,0,0.000000,0.000000,0.000000
,0,0,0,0,0,0.000000,0.000000,0.000000
,0,0,0,0,0,0.000000,0.000000,0.000000
,0,0,0,0,0,0.000000,0.000000,0.000000
,0,0,0,0,0,0.000000,0.000000,0.000000
,0,0,0,0,0,0.000000,0.000000,0.000000
,0,0,0,0,0,0.000000,0.000000,0.000000
,0,0,0,0,0,0.000000,0.000000,0.000000
,0,0,0,0,0,0.000000,0.000000,0.000000
,0,0,0,0,0,0.000000,0.000000,0.000000
2.25,0,2,2,-1,0,0.161770,0.000000,0.018921
,0,0,0,0,0,0.000000,0.000000,0.000000
,0,0,0,0,0,0.000000,0.000000,0.000000
,0,0,0,0,0,0.000000,0.000000,0.000000
,0,0,0,0,0,0.000000,0.000000,0.000000
,0,0,0,0,0,0.000000,0.000000,0.000000
,0,0,0,0,0,0.000000,0.000000,0.000000
,0,0,0,0,0,0.000000,0.000000,0.000000
,0,0,0,0,0,0.000000,0.000000,0.000000
,0,0,0,0,0,0.000000,0.000000,0.000000
2.3,0,2,2,-1,0,0.000000,0.000000,0.000000
,0,0,0,0,0,0.000000,0.000000,0.000000
,0,0,0,0,0,0.000000,0.000000,0.000000
,0,0,0,0,0,0.000000,0.000000,0.000000
,0,0,0,0,0,0.000000,0.000000,0.000000
,0,0,0,0,0,0.000000,0.000000,0.000000
,0,0,0,0,0,0.000000,0.000000,0.000000
,0,0,0,0,0,0.000000,0.000000,0.000000
,0,0,0,0,0,0.000000,0.000000,0.000000
,0,0,0,0,0,0.000000,0.000000,0.000000
2.35,0,2,2,-1,0,0.000000,0.000000,0.000000
,0,0,0,0,0,0.000000,0.000000,0.000000
,0,0,0,0,0,0.000000,0.000000,0.000000
,0,0,0,0,0,0.000000,0.000000,0.000000
,0,0,0,0,0,0.000000,0.000000,0.000000
,0,0,0,0,0,0.000000,0.000000,0.000000
,0,0,0,0,0,0.000000,0.000000,0.000000
,0,0,0,0,0,0.000000,0.000000,0.000000
,0,0,0,0,0,0.000000,0.000000,0.000000
,0,0,0,0,0,0.000000,0.000000,0.000000
2.4,0,2,2,-1,0,0.000000,0.000000,0.000000
,0,0,0,0,0,0.000000,0.000000,0.000000
,0,0,0,0,0,0.000000,0.000000,0.000000
,0,0,0,0,0,0.000000,0.000000,0.000000
,0,0,0,0,0,0.000000,0.000000,0.000000
,0,0,0,0,0,0.000000,0.000000,0.000000
,0,0,0,0,0,0.000000,0.000000,0.000000
,0,0,0,0,0,0.000000,0.000000,0.000000
,0,0,0,0,0,0.000000,0.000000,0.000000
,0,0,0,0,0,0.000000,0.000000,0.000000
2.45,0,2,2,-1,0,0.000000,0.000000,0.000000
,0,0,0,0,0,0.000000,0.000000,0.000000
,0,0,0,0,0,0.000000,0.000000,0.000000
,0,0,0,0,0,0.000000,0.000000,0.000000
,0,0,0,0,0,0.000000,0.000000,0.000000
,0,0,0,0,0,0.000000,0.000000,0.000000
,0,0,0,0,0,0.000000,0.000000,0.000000
,0,0,0,0,0,0.000000,0.000000,0.000000
,0,0,0,0,0,0.000000,0.000000,0.000000
,0,0,0,0,0,0.000000,0.000000,0.000000
2.5,0,2,2,-1,0,0.000000,0.000000,0.000000
,0,0,0,0,0,0.000000,0.000000,0.000000
,0,0,0,0,0,0.000000,0.000000,0.000000
,0,0,0,0,0,0.000000,0.000000,0.000000
,0,0,0,0,0,0.000000,0.000000,0.000000
,0,0,0,0,0,0.000000,0.000000,0.000000
,0,0,0,0,0,0.000000,0.000000,0.000000
,0,0,0,0,0,0.000000,0.000000,0.000000
,0,0,0,0,0,0.000000,0.000000,0.000000
,0,0,0,0,0,0.000000,0.000000,0.000000
2.55,0,2,2,-1,0,0.000000,0.000000,0.000000
,0,0,0,0,0,0.000000,0.000000,0.000000
,0,0,0,0,0,0.000000,0.000000,0.000000
,0,0,0,0,0,0.000000,0.000000,0.000000
,0,0,0,0,0,0.000000,0.000000,0.000000
,0,0,0,0,0,0.000000,0.000000,0.000000
,0,0,0,0,0,0.000000,0.000000,0.000000
,0,0,0,0,0,0.000000,0.000000,0.000000
,0,0,0,0,0,0.000000,0.000000,0.000000
,0,0,0,0,0,0.000000,0.000000,0.000000
2.6,0,3,3,-1,0,0.102561,0.000000,0.015666
,0,0,0,0,0,0.000000,0.000000,0.000000
,0,0,0,0,0,0.000000,0.000000,0.000000
,0,0,0,0,0,0.000000,0.000000,0.000000
,0,0,0,0,0,0.000000,0.000000,0.000000
,0,0,0,0,0,0.000000,0.000000,0.000000
,0,0,0,0,0,0.000000,0.000000,0.000000
,0,0,0,0,0,0.000000,0.000000,0.000000
,0,0,0,0,0,0.000000,0.000000,0.000000
,0,0,0,0,0,0.000000,0.000000,0.000000
2.65,0,3,3,-1,0,0.000000,0.000000,0.000000
,0,0,0,0,0,0.000000,0.000000,0.000000
,0,0,0,0,0,0.000000,0.000000,0.000000
,0,0,0,0,0,0.000000,0.000000,0.000000
,0,0,0,0,0,0.000000,0.000000,0.000000
,0,0,0,0,0,0.000000,0.000000,0.000000
,0,0,0,0,0,0.000000,0.000000,0.000000
,0,0,0,0,0,0.000000,0.000000,0.000000
,0,0,0,0,0,0.000000,0.000000,0.000000
,0,0,0,0,0,0.000000,0.000000,0.000000
2.7,0,3,3,-1,0,0.000000,0.000000,0.000000
,0,0,0,0,0,0.000000,0.000000,0.000000
,0,0,0,0,0,0.000000,0.000000,0.000000
,0,0,0,0,0,0.000000,0.000000,0.000000
,0,0,0,0,0,0.000000,0.000000,0.000000
,0,0,0,0,0,0.000000,0.000000,0.000000
,0,0,0,0,0,0.000000,0.000000,0.000000
,0,0,0,0,0,0.000000,0.000000,0.000000
,0,0,0,0,0,0.000000,0.000000,0.000000
,0,0,0,0,0,0.000000,0.000000,0.000000
2.75,0,3,3,-1,0,0.000000,0.000000,0.000000
,0,0,0,0,0,0.000000,0.000000,0.000000
,0,0,0,0,0,0.000000,0.000000,0.000000
,0,0,0,0,0,0.000000,0.000000,0.000000
,0,0,0,0,0,0.000000,0.000000,0.000000
,0,0,0,0,0,0.000000,0.000000,0.000000
,0,0,0,0,0,0.000000,0.000000,0.000000
,0,0,0,0,0,0.000000,0.000000,0.000000
,0,0,0,0,0,0.000000,0.000000,0.000000
,0,0,0,0,0,0.000000,0.000000,0.000000
2.8,0,3,3,-1,0,0.000000,0.000000,0.000000
,0,0,0,0,0,0.000000,0.000000,0.000000
,0,0,0,0,0,0.000000,0.000000,0.000000
,0,0,0,0,0,0.000000,0.000000,0.000000
,0,0,0,0,0,0.000000,0.000000,0.000000
,0,0,0,0,0,0.000000,0.000000,0.000000
,0,0,0,0,0,0.000000,0.000000,0.000000
,0,0,0,0,0,0.000000,0.000000,0.000000
,0,0,0,0,0,0.000000,0.000000,0.000000
,0,0,0,0,0,0.000000,0.000000,0.000000
2.85,0,3,3,-1,0,0.000000,0.000000,0.000000
,0,0,0,0,0,0.000000,0.000000,0.000000
,0,0,0,0,0,0.000000,0.000000,0.000000
,0,0,0,0,0,0.000000,0.000000,0.000000
,0,0,0,0,0,0.000000,0.000000,0.000000
,0,0,0,0,0,0.000000,0.000000,0.000000
,0,0,0,0,0,0.000000,0.000000,0.000000
,0,0,0,0,0,0.000000,0.000000,0.000000
,0,0,0,0,0,0.000000,0.000000,0.000000
,0,0,0,0,0,0.000000,0.000000,0.000000
2.9,0,4,4,-1,0,0.102585,0.000000,0.015668
,0,0,0,0,0,0.000000,0.000000,0.000000
,0,0,0,0,0,0.000000,0.000000,0.000000
,0,0,0,0,0,0.000000,0.000000,0.000000
,0,0,0,0,0,0.000000,0.000000,0.000000
,0,0,0,0,0,0.000000,0.000000,0.000000
,0,0,0,0,0,0.000000,0.000000,0.000000
,0,0,0,0,0,0.000000,0.000000,0.000000
,0,0,0,0,0,0.000000,0.000000,0.000000
,0,0,0,0,0,0.000000,0.000000,0.000000
2.95,0,4,4,-1,0,0.000000,0.000000,0.000000
,0,0,0,0,0,0.000000,0.000000,0.000000
,0,0,0,0,0,0.000000,0.000000,0.000000
,0,0,0,0,0,0.000000,0.000000,0.000000
,0,0,0,0,0,0.000000,0.000000,0.000000
,0,0,0,0,0,0.000000,0.000000,0.000000
,0,0,0,0,0,0.000000,0.000000,0.000000
,0,0,0,0,0,0.000000,0.000000,0.000000
,0,0,0,0,0,0.000000,0.000000,0.000000
,0,0,0,0,0,0.000000,0.000000,0.000000
3,0,4,4,-1,0,0.000000,0.000000,0.000000
,0,0,0,0,0,0.000000,0.000000,0.000000
,0,0,0,0,0,0.000000,0.000000,0.000000
,0,0,0,0,0,0.000000,0.000000,0.000000
,0,0,0,0,0,0.000000,0.000000,0.000000
,0,0,0,0,0,0.000000,0.000000,0.000000
,0,0,0,0,0,0.000000,0.000000,0.000000
,0,0,0,0,0,0.000000,0.000000,0.000000
,0,0,0,0,0,0.000000,0.000000,0.000000
,0,0,0,0,0,0.000000,0.000000,0.000000
3.05,0,4,4,-1,0,0.000000,0.000000,0.000000
,0,0,0,0,0,0.000000,0.000000,0.000000
,0,0,0,0,0,0.000000,0.000000,0.000000
,0,0,0,0,0,0.000000,0.000000,0.000000
,0,0,0,0,0,0.000000,0.000000,0.000000
,0,0,0,0,0,0.000000,0.000000,0.000000
,0,0,0,0,0,0.000000,0.000000,0.000000
,0,0,0,0,0,0.000000,0.000000,0.000000
,0,0,0,0,0,0.000000,0.000000,0.000000
,0,0,0,0,0,0.000000,0.000000,0.000000
3.1,0,4,4,-1,0,0.000000,0.000000,0.000000
,0,0,0,0,0,0.000000,0.000000,0.000000
,0,0,0,0,0,0.000000,0.000000,0.000000
,0,0,0,0,0,0.000000,0.000000,0.000000
,0,0,0,0,0,0.000000,0.000000,0.000000
,0,0,0,0,0,0.000000,0.000000,0.000000
,0,0,0,0,0,0.000000,0.000000,0.000000
,0,0,0,0,0,0.000000,0.000000,0.000000
,0,0,0,0,0,0.000000,0.000000,0.000000
,0,0,0,0,0,0.000000,0.000000,0.000000
3.15,0,4,4,-1,0,0.000000,0.000000,0.000000
,0,0,0,0,0,0.000000,0.000000,0.000000
,0,0,0,0,0,0.000000,0.000000,0.000000
,0,0,0,0,0,0.000000,0.000000,0.000000
,0,0,0,0,0,0.000000,0.000000,0.000000
,0,0,0,0,0,0.000000,0.000000,0.000000
,0,0,0,0,0,0.000000,0.000000,0.000000
,0,0,0,0,0,0.000000,0.000000,0.000000
,0,0,0,0,0,0.000000,0.000000,0.000000
,0,0,0,0,0,0.000000,0.000000,0.000000
3.2,0,4,4,-1,0,0.000000,0.000000,0.000000
,0,0,0,0,0,0.000000,0.000000,0.000000
,0,0,0,0,0,0.000000,0.000000,0.000000
,0,0,0,0,0,0.000000,0.000000,0.000000
,0,0,0,0,0,0.000000,0.000000,0.000000
,0,0,0,0,0,0.000000,0.000000,0.000000
,0,0,0,0,0,0.000000,0.000000,0.000000
,0,0,0,0,0,0.000000,0.000000,0.000000
,0,0,0,0,0,0.000000,0.000000,0.000000
,0,0,0,0,0,0.000000,0.000000,0.000000
3.25,0,5,5,-1,0,0.138510,0.000000,0.017813
,0,0,0,0,0,0.000000,0.000000,0.000000
,0,0,0,0,0,0.000000,0.000000,0.000000
,0,0,0,0,0,0.000000,0.000000,0.000000
,0,0,0,0,0,0.000000,0.000000,0.000000
,0,0,0,0,0,0.000000,0.000000,0.000000
,0,0,0,0,0,0.000000,0.000000,0.000000
,0,0,0,0,0,0.000000,0.000000,0.000000
,0,0,0,0,0,0.000000,0.000000,0.000000
,0,0,0,0,0,0.000000,0.000000,0.000000
3.3,0,5,5,-1,0,0.000000,0.000000,0.000000
,0,0,0,0,0,0.000000,0.000000,0.000000
,0,0,0,0,0,0.000000,0.000000,0.000000
,0,0,0,0,0,0.000000,0.000000,0.000000
,0,0,0,0,0,0.000000,0.000000,0.000000
,0,0,0,0,0,0.000000,0.000000,0.000000
,0,0,0,0,0,0.000000,0.000000,0.000000
,0,0,0,0,0,0.000000,0.000000,0.000000
,0,0,0,0,0,0.000000,0.000000,0.000000
,0,0,0,0,0,0.000000,0.000000,0.000000
3.35,0,5,5,-1,0,0.000000,0.000000,0.000000
,0,0,0,0,0,0.000000,0.000000,0.000000
,0,0,0,0,0,0.000000,0.000000,0.000000
,0,0,0,0,0,0.000000,0.000000,0.000000
,0,0,0,0,0,0.000000,0.000000,0.000000
,0,0,0,0,0,0.000000,0.000000,0.000000
,0,0,0,0,0,0.000000,0.000000,0.000000
,0,0,0,0,0,0.000000,0.000000,0.000000
,0,0,0,0,0,0.000000,0.000000,0.000000
,0,0,0,0,0,0.000000,0.000000,0.000000
3.4,0,5,5,-1,0,0.000000,0.000000,0.000000
,0,0,0,0,0,0.000000,0.000000,0.000000
,0,0,0,0,0,0.000000,0.000000,0.000000
,0,0,0,0,0,0.000000,0.000000,0.000000
,0,0,0,0,0,0.000000,0.000000,0.000000
,0,0,0,0,0,0.000000,0.000000,0.000000
,0,0,0,0,0,0.000000,0.000000,0.000000
,0,0,0,0,0,0.000000,0.000000,0.000000
,0,0,0,0,0,0.000000,0.000000,0.000000
,0,0,0,0,0,0.000000,0.000000,0.000000
3.45,0,5,5,-1,0,0.000000,0.000000,0.000000
,0,0,0,0,0,0.000000,0.000000,0.000000
,0,0,0,0,0,0.000000,0.000000,0.000000
,0,0,0,0,0,0.000000,0.000000,0.000000
,0,0,0,0,0,0.000000,0.000000,0.000000
,0,0,0,0,0,0.000000,0.000000,0.000000
,0,0,0,0,0,0.000000,0.000000,0.000000
,0,0,0,0,0,0.000000,0.000000,0.000000
,0,0,0,0,0,0.000000,0.000000,0.000000
,0,0,0,0,0,0.000000,0.000000,0.000000
3.5,0,5,5,-1,0,0.000000,0.000000,0.000000
,0,0,0,0,0,0.000000,0.000000,0.000000
,0,0,0,0,0,0.000000,0.000000,0.000000
,0,0,0,0,0,0.000000,0.000000,0.000000
,0,0,0,0,0,0.000000,0.000000,0.000000
,0,0,0,0,0,0.000000,0.000000,0.000000
,0,0,0,0,0,0.000000,0.000000,0.000000
,0,0,0,0,0,0.000000,0.000000,0.000000
,0,0,0,0,0,0.000000,0.000000,0.000000
,0,0,0,0,0,0.000000,0.000000,0.000000
3.55,0,5,5,-1,0,0.000000,0.000000,0.000000
,0,0,0,0,0,0.000000,0.000000,0.000000
,0,0,0,0,0,0.000000,0.000000,0.000000
,0,0,0,0,0,0.000000,0.000000,0.000000
,0,0,0,0,0,0.000000,0.000000,0.000000
,0,0,0,0,0,0.000000,0.000000,0.000000
,0,0,0,0,0,0.000000,0.000000,0.000000
,0,0,0,0,0,0.000000,0.000000,0.000000
,0,0,0,0,0,0.000000,0.000000,0.000000
,0,0,0,0,0,0.000000,0.000000,0.000000
3.6,0,6,6,-1,0,0.443387,0.000000,0.026123
,0,0,0,0,0,0.000000,0.000000,0.000000
,0,0,0,0,0,0.000000,0.000000,0.000000
,0,0,0,0,0,0.000000,0.000000,0.000000
,0,0,0,0,0,0.000000,0.000000,0.000000
,0,0,0,0,0,0.000000,0.000000,0.000000
,0,0,0,0,0,0.000000,0.000000,0.000000
,0,0,0,0,0,0.000000,0.000000,0.000000
,0,0,0,0,0,0.000000,0.000000,0.000000
,0,0,0,0,0,0.000000,0.000000,0.000000
3.65,0,6,6,-1,0,0.000000,0.000000,0.000000
,0,0,0,0,0,0.000000,0.000000,0.000000
,0,0,0,0,0,0.000000,0.000000,0.000000
,0,0,0,0,0,0.000000,0.000000,0.000000
,0,0,0,0,0,0.000000,0.000000,0.000000
,0,0,0,0,0,0.000000,0.000000,0.000000
,0,0,0,0,0,0.000000,0.000000,0.000000
,0,0,0,0,0,0.000000,0.000000,0.000000
,0,0,0,0,0,0.000000,0.000000,0.000000
,0,0,0,0,0,0.000000,0.000000,0.000000
3.7,0,7,7,-1,0,0.204761,0.000000,0.020605
,0,0,0,0,0,0.000000,0.000000,0.000000
,0,0,0,0,0,0.000000,0.000000,0.000000
,0,0,0,0,0,0.000000,0.000000,0.000000
,0,0,0,0,0,0.000000,0.000000,0.000000
,0,0,0,0,0,0.000000,0.000000,0.000000
,0,0,0,0,0,0.000000,0.000000,0.000000
,0,0,0,0,0,0.000000,0.000000,0.000000
,0,0,0,0,0,0.000000,0.000000,0.000000
,0,0,0,0,0,0.000000,0.000000,0.000000
3.75,0,7,7,-1,0,0.000000,0.000000,0.000000
,0,0,0,0,0,0.000000,0.000000,0.000000
,0,0,0,0,0,0.000000,0.000000,0.000000
,0,0,0,0,0,0.000000,0.000000,0.000000
,0,0,0,0,0,0.000000,0.000000,0.000000
,0,0,0,0,0,0.000000,0.000000,0.000000
,0,0,0,0,0,0.000000,0.000000,0.000000
,0,0,0,0,0,0.000000,0.000000,0.000000
,0,0,0,0,0,0.000000,0.000000,0.000000
,0,0,0,0,0,0.000000,0.000000,0.000000
3.8,0,8,8,-1,0,0.091623,0.000000,0.014861
,0,0,0,0,0,0.000000,0.000000,0.000000
,0,0,0,0,0,0.000000,0.000000,0.000000
,0,0,0,0,0,0.000000,0.000000,0.000000
,0,0,0,0,0,0.000000,0.000000,0.000000
,0,0,0,0,0,0.000000,0.000000,0.000000
,0,0,0,0,0,0.000000,0.000000,0.000000
,0,0,0,0,0,0.000000,0.000000,0.000000
,0,0,0,0,0,0.000000,0.000000,0.000000
,0,0,0,0,0,0.000000,0.000000,0.000000
3.85,0,8,8,-1,0,0.000000,0.000000,0.000000
,0,0,0,0,0,0.000000,0.000000,0.000000
,0,0,0,0,0,0.000000,0.000000,0.000000
,0,0,0,0,0,0.000000,0.000000,0.000000
,0,0,0,0,0,0.000000,0.000000,0.000000
,0,0,0,0,0,0.000000,0.000000,0.000000
,0,0,0,0,0,0.000000,0.000000,0.000000
,0,0,0,0,0,0.000000,0.000000,0.000000
,0,0,0,0,0,0.000000,0.000000,0.000000
,0,0,0,0,0,0.000000,0.000000,0.000000
3.9,0,8,8,-1,0,0.000000,0.000000,0.000000
,0,0,0,0,0,0.000000,0.000000,0.000000
,0,0,0,0,0,0.000000,0.000000,0.000000
,0,0,0,0,0,0.000000,0.000000,0.000000
,0,0,0,0,0,0.000000,0.000000,0.000000
,0,0,0,0,0,0.000000,0.000000,0.000000
,0,0,0,0,0,0.000000,0.000000,0.000000
,0,0,0,0,0,0.000000,0.000000,0.000000
,0,0,0,0,0,0.000000,0.000000,0.000000
,0,0,0,0,0,0.000000,0.000000,0.000000
3.95,0,8,8,-1,0,0.000000,0.000000,0.000000
,0,0,0,0,0,0.000000,0.000000,0.000000
,0,0,0,0,0,0.000000,0.000000,0.000000
,0,0,0,0,0,0.000000,0.000000,0.000000
,0,0,0,0,0,0.000000,0.000000,0.000000
,0,0,0,0,0,0.000000,0.000000,0.000000
,0,0,0,0,0,0.000000,0.000000,0.000000
,0,0,0,0,0,0.000000,0.000000,0.000000
,0,0,0,0,0,0.000000,0.000000,0.000000
,0,0,0,0,0,0.000000,0.000000,0.000000
4,0,8,8,-1,0,0.000000,0.000000,0.000000
,0,0,0,0,0,0.000000,0.000000,0.000000
,0,0,0,0,0,0.000000,0.000000,0.000000
,0,0,0,0,0,0.000000,0.000000,0.000000
,0,0,0,0,0,0.000000,0.000000,0.000000
,0,0,0,0,0,0.000000,0.000000,0.000000
,0,0,0,0,0,0.000000,0.000000,0.000000
,0,0,0,0,0,0.000000,0.000000,0.000000
,0,0,0,0,0,0.000000,0.000000,0.000000
,0,0,0,0,0,0.000000,0.000000,0.000000
4.05,0,10,10,-1,0,0.052044,0.000000,0.010821
,0,0,0,0,0,0.000000,0.000000,0.000000
,0,0,0,0,0,0.000000,0.000000,0.000000
,0,0,0,0,0,0.000000,0.000000,0.000000
,0,0,0,0,0,0.000000,0.000000,0.000000
,0,0,0,0,0,0.000000,0.000000,0.000000
,0,0,0,0,0,0.000000,0.000000,0.000000
,0,0,0,0,0,0.000000,0.000000,0.000000
,0,0,0,0,0,0.000000,0.000000,0.000000
,0,0,0,0,0,0.000000,0.000000,0.000000
4.1,0,10,10,-1,0,0.000000,0.000000,0.000000
,0,0,0,0,0,0.000000,0.000000,0.000000
,0,0,0,0,0,0.000000,0.000000,0.000000
,0,0,0,0,0,0.000000,0.000000,0.000000
,0,0,0,0,0,0.000000,0.000000,0.000000
,0,0,0,0,0,0.000000,0.000000,0.000000
,0,0,0,0,0,0.000000,0.000000,0.000000
,0,0,0,0,0,0.000000,0.000000,0.000000
,0,0,0,0,0,0.000000,0.000000,0.000000
,0,0,0,0,0,0.000000,0.000000,0.000000
4.15,0,10,10,-1,0,0.000000,0.000000,0.000000
,0,0,0,0,0,0.000000,0.000000,0.000000
,0,0,0,0,0,0.000000,0.000000,0.000000
,0,0,0,0,0,0.000000,0.000000,0.000000
,0,0,0,0,0,0.000000,0.000000,0.000000
,0,0,0,0,0,0.000000,0.000000,0.000000
,0,0,0,0,0,0.000000,0.000000,0.000000
,0,0,0,0,0,0.000000,0.000000,0.000000
,0,0,0,0,0,0.000000,0.000000,0.000000
,0,0,0,0,0,0.000000,0.000000,0.000000
4.2,0,12,12,-1,0,0.024446,0.000000,0.005424
,0,0,0,0,0,0.000000,0.000000,0.000000
,0,0,0,0,0,0.000000,0.000000,0.000000
,0,0,0,0,0,0.000000,0.000000,0.000000
,0,0,0,0,0,0.000000,0.000000,0.000000
,0,0,0,0,0,0.000000,0.000000,0.000000
,0,0,0,0,0,0.000000,0.000000,0.000000
,0,0,0,0,0,0.000000,0.000000,0.000000
,0,0,0,0,0,0.000000,0.000000,0.000000
,0,0,0,0,0,0.000000,0.000000,0.000000
4.25,0,13,13,-1,0,0.053567,0.000000,0.011027
,0,0,0,0,0,0.000000,0.000000,0.000000
,0,0,0,0,0,0.000000,0.000000,0.000000
,0,0,0,0,0,0.000000,0.000000,0.000000
,0,0,0,0,0,0.000000,0.000000,0.000000
,0,0,0,0,0,0.000000,0.000000,0.000000
,0,0,0,0,0,0.000000,0.000000,0.000000
,0,0,0,0,0,0.000000,0.000000,0.000000
,0,0,0,0,0,0.000000,0.000000,0.000000
,0,0,0,0,0,0.000000,0.000000,0.000000
4.3,0,13,13,-1,0,0.000000,0.000000,0.000000
,0,0,0,0,0,0.000000,0.000000,0.000000
,0,0,0,0,0,0.000000,0.000000,0.000000
,0,0,0,0,0,0.000000,0.000000,0.000000
,0,0,0,0,0,0.000000,0.000000,0.000000
,0,0,0,0,0,0.000000,0.000000,0.000000
,0,0,0,0,0,0.000000,0.000000,0.000000
,0,0,0,0,0,0.000000,0.000000,0.000000
,0,0,0,0,0,0.000000,0.000000,0.000000
,0,0,0,0,0,0.000000,0.000000,0.000000
4.35,0,13,13,-1,0,0.000000,0.000000,0.000000
,0,0,0,0,0,0.000000,0.000000,0.000000
,0,0,0,0,0,0.000000,0.000000,0.000000
,0,0,0,0,0,0.000000,0.000000,0.000000
,0,0,0,0,0,0.000000,0.000000,0.000000
,0,0,0,0,0,0.000000,0.000000,0.000000
,0,0,0,0,0,0.000000,0.000000,0.000000
,0,0,0,0,0,0.000000,0.000000,0.000000
,0,0,0,0,0,0.000000,0.000000,0.000000
,0,0,0,0,0,0.000000,0.000000,0.000000
4.4,0,14,14,-1,0,0.088049,0.000000,0.014577
,0,0,0,0,0,0.000000,0.000000,0.000000
,0,0,0,0,0,0.000000,0.000000,0.000000
,0,0,0,0,0,0.000000,0.000000,0.000000
,0,0,0,0,0,0.000000,0.000000,0.000000
,0,0,0,0,0,0.000000,0.000000,0.000000
,0,0,0,0,0,0.000000,0.000000,0.000000
,0,0,0,0,0,0.000000,0.000000,0.000000
,0,0,0,0,0,0.000000,0.000000,0.000000
,0,0,0,0,0,0.000000,0.000000,0.000000
4.45,0,15,15,-1,0,0.095159,0.000000,0.015131
,0,0,0,0,0,0.000000,0.000000,0.000000
,0,0,0,0,0,0.000000,0.000000,0.000000
,0,0,0,0,0,0.000000,0.000000,0.000000
,0,0,0,0,0,0.000000,0.000000,0.000000
,0,0,0,0,0,0.000000,0.000000,0.000000
,0,0,0,0,0,0.000000,0.000000,0.000000
,0,0,0,0,0,0.000000,0.000000,0.000000
,0,0,0,0,0,0.000000,0.000000,0.000000
,0,0,0,0,0,0.000000,0.000000,0.000000
4.5,0,16,16,-1,0,0.130452,0.000000,0.017385
,0,0,0,0,0,0.000000,0.000000,0.000000
,0,0,0,0,0,0.000000,0.000000,0.000000
,0,0,0,0,0,0.000000,0.000000,0.000000
,0,0,0,0,0,0.000000,0.000000,0.000000
,0,0,0,0,0,0.000000,0.000000,0.000000
,0,0,0,0,0,0.000000,0.000000,0.000000
,0,0,0,0,0,0.000000,0.000000,0.000000
,0,0,0,0,0,0.000000,0.000000,0.000000
,0,0,0,0,0,0.000000,0.000000,0.000000
4.55,0,16,16,-1,0,0.000000,0.000000,0.000000
,0,0,0,0,0,0.000000,0.000000,0.000000
,0,0,0,0,0,0.000000,0.000000,0.000000
,0,0,0,0,0,0.000000,0.000000,0.000000
,0,0,0,0,0,0.000000,0.000000,0.000000
,0,0,0,0,0,0.000000,0.000000,0.000000
,0,0,0,0,0,0.000000,0.000000,0.000000
,0,0,0,0,0,0.000000,0.000000,0.000000
,0,0,0,0,0,0.000000,0.000000,0.000000
,0,0,0,0,0,0.000000,0.000000,0.000000
4.6,0,17,17,-1,0,0.267411,0.000000,0.022512
,0,0,0,0,0,0.000000,0.000000,0.000000
,0,0,0,0,0,0.000000,0.000000,0.000000
,0,0,0,0,0,0.000000,0.000000,0.000000
,0,0,0,0,0,0.000000,0.000000,0.000000
,0,0,0,0,0,0.000000,0.000000,0.000000
,0,0,0,0,0,0.000000,0.000000,0.000000
,0,0,0,0,0,0.000000,0.000000,0.000000
,0,0,0,0,0,0.000000,0.000000,0.000000
,0,0,0,0,0,0.000000,0.000000,0.000000
4.65,0,17,17,-1,0,0.000000,0.000000,0.000000
,0,0,0,0,0,0.000000,0.000000,0.000000
,0,0,0,0,0,0.000000,0.000000,0.000000
,0,0,0,0,0,0.000000,0.000000,0.000000
,0,0,0,0,0,0.000000,0.000000,0.000000
,0,0,0,0,0,0.000000,0.000000,0.000000
,0,0,0,0,0,0.000000,0.000000,0.000000
,0,0,0,0,0,0.000000,0.000000,0.000000
,0,0,0,0,0,0.000000,0.000000,0.000000
,0,0,0,0,0,0.000000,0.000000,0.000000
4.7,0,17,17,-1,0,0.000000,0.000000,0.000000
,0,0,0,0,0,0.000000,0.000000,0.000000
,0,0,0,0,0,0.000000,0.000000,0.000000
,0,0,0,0,0,0.000000,0.000000,0.000000
,0,0,0,0,0,0.000000,0.000000,0.000000
,0,0,0,0,0,0.000000,0.000000,0.000000
,0,0,0,0,0,0.000000,0.000000,0.000000
,0,0,0,0,0,0.000000,0.000000,0.000000
,0,0,0,0,0,0.000000,0.000000,0.000000
,0,0,0,0,0,0.000000,0.000000,0.000000
4.75,0,18,18,-1,0,0.079242,0.000000,0.013824
,0,0,0,0,0,0.000000,0.000000,0.000000
,0,0,0,0,0,0.000000,0.000000,0.000000
,0,0,0,0,0,0.000000,0.000000,0.000000
,0,0,0,0,0,0.000000,0.000000,0.000000
,0,0,0,0,0,0.000000,0.000000,0.000000
,0,0,0,0,0,0.000000,0.000000,0.000000
,0,0,0,0,0,0.000000,0.000000,0.000000
,0,0,0,0,0,0.000000,0.000000,0.000000
,0,0,0,0,0,0.000000,0.000000,0.000000
4.8,0,19,19,-1,0,0.233980,0.000000,0.021558
,0,0,0,0,0,0.000000,0.000000,0.000000
,0,0,0,0,0,0.000000,0.000000,0.000000
,0,0,0,0,0,0.000000,0.000000,0.000000
,0,0,0,0,0,0.000000,0.000000,0.000000
,0,0,0,0,0,0.000000,0.000000,0.000000
,0,0,0,0,0,0.000000,0.000000,0.000000
,0,0,0,0,0,0.000000,0.000000,0.000000
,0,0,0,0,0,0.000000,0.000000,0.000000
,0,0,0,0,0,0.000000,0.000000,0.000000
4.85,0,20,20,-1,0,0.082071,0.000000,0.014074
,0,0,0,0,0,0.000000,0.000000,0.000000
,0,0,0,0,0,0.000000,0.000000,0.000000
,0,0,0,0,0,0.000000,0.000000,0.000000
,0,0,0,0,0,0.000000,0.000000,0.000000
,0,0,0,0,0,0.000000,0.000000,0.000000
,0,0,0,0,0,0.000000,0.000000,0.000000
,0,0,0,0,0,0.000000,0.000000,0.000000
,0,0,0,0,0,0.000000,0.000000,0.000000
,0,0,0,0,0,0.000000,0.000000,0.000000
4.9,0,20,20,-1,0,0.000000,0.000000,0.000000
,0,0,0,0,0,0.000000,0.000000,0.000000
,0,0,0,0,0,0.000000,0.000000,0.000000
,0,0,0,0,0,0.000000,0.000000,0.000000
,0,0,0,0,0,0.000000,0.000000,0.000000
,0,0,0,0,0,0.000000,0.000000,0.000000
,0,0,0,0,0,0.000000,0.000000,0.000000
,0,0,0,0,0,0.000000,0.000000,0.000000
,0,0,0,0,0,0.000000,0.000000,0.000000
,0,0,0,0,0,0.000000,0.000000,0.000000
4.95,0,20,20,-1,0,0.000000,0.000000,0.000000
,0,0,0,0,0,0.000000,0.000000,0.000000
,0,0,0,0,0,0.000000,0.000000,0.000000
,0,0,0,0,0,0.000000,0.000000,0.000000
,0,0,0,0,0,0.000000,0.000000,0.000000
,0,0,0,0,0,0.000000,0.000000,0.000000
,0,0,0,0,0,0.000000,0.000000,0.000000
,0,0,0,0,0,0.000000,0.000000,0.000000
,0,0,0,0,0,0.000000,0.000000,0.000000
,0,0,0,0,0,0.000000,0.000000,0.000000
5,0,21,21,-1,0,0.039932,0.000000,0.008929
,0,0,0,0,0,0.000000,0.000000,0.000000
,0,0,0,0,0,0.000000,0.000000,0.000000
,0,0,0,0,0,0.000000,0.000000,0.000000
,0,0,0,0,0,0.000000,0.000000,0.000000
,0,0,0,0,0,0.000000,0.000000,0.000000
,0,0,0,0,0,0.000000,0.000000,0.000000
,0,0,0,0,0,0.000000,0.000000,0.000000
,0,0,0,0,0,0.000000,0.000000,0.000000
,0,0,0,0,0,0.000000,0.000000,0.000000
5.05,0,21,21,-1,0,0.000000,0.000000,0.000000
,0,0,0,0,0,0.000000,0.000000,0.000000
,0,0,0,0,0,0.000000,0.000000,0.000000
,0,0,0,0,0,0.000000,0.000000,0.000000
,0,0,0,0,0,0.000000,0.000000,0.000000
,0,0,0,0,0,0.000000,0.000000,0.000000
,0,0,0,0,0,0.000000,0.000000,0.000000
,0,0,0,0,0,0.000000,0.000000,0.000000
,0,0,0,0,0,0.000000,0.000000,0.000000
,0,0,0,0,0,0.000000,0.000000,0.000000
5.1,0,22,22,-1,0,0.072060,0.000000,0.013145
,0,0,0,0,0,0.000000,0.000000,0.000000
,0,0,0,0,0,0.000000,0.000000,0.000000
,0,0,0,0,0,0.000000,0.000000,0.000000
,0,0,0,0,0,0.000000,0.000000,0.000000
,0,0,0,0,0,0.000000,0.000000,0.000000
,0,0,0,0,0,0.000000,0.000000,0.000000
,0,0,0,0,0,0.000000,0.000000,0.000000
,0,0,0,0,0,0.000000,0.000000,0.000000
,0,0,0,0,0,0.000000,0.000000,0.000000
5.15,0,22,22,-1,0,0.000000,0.000000,0.000000
,0,0,0,0,0,0.000000,0.000000,0.000000
,0,0,0,0,0,0.000000,0.000000,0.000000
,0,0,0,0,0,0.000000,0.000000,0.000000
,0,0,0,0,0,0.000000,0.000000,0.000000
,0,0,0,0,0,0.000000,0.000000,0.000000
,0,0,0,0,0,0.000000,0.000000,0.000000
,0,0,0,0,0,0.000000,0.000000,0.000000
,0,0,0,0,0,0.000000,0.000000,0.000000
,0,0,0,0,0,0.000000,0.000000,0.000000
5.2,0,24,24,-1,0,0.075433,0.000000,0.013472
,0,0,0,0,0,0.000000,0.000000,0.000000
,0,0,0,0,0,0.000000,0.000000,0.000000
,0,0,0,0,0,0.000000,0.000000,0.000000
,0,0,0,0,0,0.000000,0.000000,0.000000
,0,0,0,0,0,0.000000,0.000000,0.000000
,0,0,0,0,0,0.000000,0.000000,0.000000
,0,0,0,0,0,0.000000,0.000000,0.000000
,0,0,0,0,0,0.000000,0.000000,0.000000
,0,0,0,0,0,0.000000,0.000000,0.000000
5.25,0,24,24,-1,0,0.000000,0.000000,0.000000
,0,0,0,0,0,0.000000,0.000000,0.000000
,0,0,0,0,0,0.000000,0.000000,0.000000
,0,0,0,0,0,0.000000,0.000000,0.000000
,0,0,0,0,0,0.000000,0.000000,0.000000
,0,0,0,0,0,0.000000,0.000000,0.000000
,0,0,0,0,0,0.000000,0.000000,0.000000
,0,0,0,0,0,0.000000,0.000000,0.000000
,0,0,0,0,0,0.000000,0.000000,0.000000
,0,0,0,0,0,0.000000,0.000000,0.000000
5.3,0,25,25,-1,0,0.065516,0.000000,0.012465
,0,0,0,0,0,0.000000,0.000000,0.000000
,0,0,0,0,0,0.000000,0.000000,0.000000
,0,0,0,0,0,0.000000,0.000000,0.000000
,0,0,0,0,0,0.000000,0.000000,0.000000
,0,0,0,0,0,0.000000,0.000000,0.000000
,0,0,0,0,0,0.000000,0.000000,0.000000
,0,0,0,0,0,0.000000,0.000000,0.000000
,0,0,0,0,0,0.000000,0.000000,0.000000
,0,0,0,0,0,0.000000,0.000000,0.000000
5.35,0,25,25,-1,0,0.000000,0.000000,0.000000
,0,0,0,0,0,0.000000,0.000000,0.000000
,0,0,0,0,0,0.000000,0.000000,0.000000
,0,0,0,0,0,0.000000,0.000000,0.000000
,0,0,0,0,0,0.000000,0.000000,0.000000
,0,0,0,0,0,0.000000,0.000000,0.000000
,0,0,0,0,0,0.000000,0.000000,0.000000
,0,0,0,0,0,0.000000,0.000000,0.000000
,0,0,0,0,0,0.000000,0.000000,0.000000
,0,0,0,0,0,0.000000,0.000000,0.000000
5.4,0,26,26,-1,0,0.050173,0.000000,0.010559
,0,0,0,0,0,0.000000,0.000000,0.000000
,0,0,0,0,0,0.000000,0.000000,0.000000
,0,0,0,0,0,0.000000,0.000000,0.000000
,0,0,0,0,0,0.000000,0.000000,0.000000
,0,0,0,0,0,0.000000,0.000000,0.000000
,0,0,0,0,0,0.000000,0.000000,0.000000
,0,0,0,0,0,0.000000,0.000000,0.000000
,0,0,0,0,0,0.000000,0.000000,0.000000
,0,0,0,0,0,0.000000,0.000000,0.000000
5.45,0,27,27,-1,0,0.217122,0.000000,0.021024
,0,0,0,0,0,0.000000,0.000000,0.000000
,0,0,0,0,0,0.000000,0.000000,0.000000
,0,0,0,0,0,0.000000,0.000000,0.000000
,0,0,0,0,0,0.000000,0.000000,0.000000
,0,0,0,0,0,0.000000,0.000000,0.000000
,0,0,0,0,0,0.000000,0.000000,0.000000
,0,0,0,0,0,0.000000,0.000000,0.000000
,0,0,0,0,0,0.000000,0.000000,0.000000
,0,0,0,0,0,0.000000,0.000000,0.000000
5.5,0,27,27,-1,0,0.000000,0.000000,0.000000
,0,0,0,0,0,0.000000,0.000000,0.000000
,0,0,0,0,0,0.000000,0.000000,0.000000
,0,0,0,0,0,0.000000,0.000000,0.000000
,0,0,0,0,0,0.000000,0.000000,0.000000
,0,0,0,0,0,0.000000,0.000000,0.000000
,0,0,0,0,0,0.000000,0.000000,0.000000
,0,0,0,0,0,0.000000,0.000000,0.000000
,0,0,0,0,0,0.000000,0.000000,0.000000
,0,0,0,0,0,0.000000,0.000000,0.000000
5.55,0,28,28,-1,0,0.050752,0.000000,0.010641
,0,0,0,0,0,0.000000,0.000000,0.000000
,0,0,0,0,0,0.000000,0.000000,0.000000
,0,0,0,0,0,0.000000,0.000000,0.000000
,0,0,0,0,0,0.000000,0.000000,0.000000
,0,0,0,0,0,0.000000,0.000000,0.000000
,0,0,0,0,0,0.000000,0.000000,0.000000
,0,0,0,0,0,0.000000,0.000000,0.000000
,0,0,0,0,0,0.000000,0.000000,0.000000
,0,0,0,0,0,0.000000,0.000000,0.000000
5.6,0,28,28,-1,0,0.000000,0.000000,0.000000
,0,0,0,0,0,0.000000,0.000000,0.000000
,0,0,0,0,0,0.000000,0.000000,0.000000
,0,0,0,0,0,0.000000,0.000000,0.000000
,0,0,0,0,0,0.000000,0.000000,0.000000
,0,0,0,0,0,0.000000,0.000000,0.000000
,0,0,0,0,0,0.000000,0.000000,0.000000
,0,0,0,0,0,0.000000,0.000000,0.000000
,0,0,0,0,0,0.000000,0.000000,0.000000
,0,0,0,0,0,0.000000,0.000000,0.000000
5.65,0,28,28,-1,0,0.000000,0.000000,0.000000
,0,0,0,0,0,0.000000,0.000000,0.000000
,0,0,0,0,0,0.000000,0.000000,0.000000
,0,0,0,0,0,0.000000,0.000000,0.000000
,0,0,0,0,0,0.000000,0.000000,0.000000
,0,0,0,0,0,0.000000,0.000000,0.000000
,0,0,0,0,0,0.000000,0.000000,0.000000
,0,0,0,0,0,0.000000,0.000000,0.000000
,0,0,0,0,0,0.000000,0.000000,0.000000
,0,0,0,0,0,0.000000,0.000000,0.000000
5.7,0,29,29,-1,0,0.111976,0.000000,0.016294
,0,0,0,0,0,0.000000,0.000000,0.000000
,0,0,0,0,0,0.000000,0.000000,0.000000
,0,0,0,0,0,0.000000,0.000000,0.000000
,0,0,0,0,0,0.000000,0.000000,0.000000
,0,0,0,0,0,0.000000,0.000000,0.000000
,0,0,0,0,0,0.000000,0.000000,0.000000
,0,0,0,0,0,0.000000,0.000000,0.000000
,0,0,0,0,0,0.000000,0.000000,0.000000
,0,0,0,0,0,0.000000,0.000000,0.000000
5.75,0,29,29,-1,0,0.000000,0.000000,0.000000
,0,0,0,0,0,0.000000,0.000000,0.000000
,0,0,0,0,0,0.000000,0.000000,0.000000
,0,0,0,0,0,0.000000,0.000000,0.000000
,0,0,0,0,0,0.000000,0.000000,0.000000
,0,0,0,0,0,0.000000,0.000000,0.000000
,0,0,0,0,0,0.000000,0.000000,0.000000
,0,0,0,0,0,0.000000,0.000000,0.000000
,0,0,0,0,0,0.000000,0.000000,0.000000
,0,0,0,0,0,0.000000,0.000000,0.000000
5.8,0,31,31,-1,0,0.149118,0.000000,0.018340
,0,0,0,0,0,0.000000,0.000000,0.000000
,0,0,0,0,0,0.000000,0.000000,0.000000
,0,0,0,0,0,0.000000,0.000000,0.000000
,0,0,0,0,0,0.000000,0.000000,0.000000
,0,0,0,0,0,0.000000,0.000000,0.000000
,0,0,0,0,0,0.000000,0.000000,0.000000
,0,0,0,0,0,0.000000,0.000000,0.000000
,0,0,0,0,0,0.000000,0.000000,0.000000
,0,0,0,0,0,0.000000,0.000000,0.000000
5.85,0,31,31,-1,0,0.000000,0.000000,0.000000
,0,0,0,0,0,0.000000,0.000000,0.000000
,0,0,0,0,0,0.000000,0.000000,0.000000
,0,0,0,0,0,0.000000,0.000000,0.000000
,0,0,0,0,0,0.000000,0.000000,0.000000
,0,0,0,0,0,0.000000,0.000000,0.000000
,0,0,0,0,0,0.000000,0.000000,0.000000
,0,0,0,0,0,0.000000,0.000000,0.000000
,0,0,0,0,0,0.000000,0.000000,0.000000
,0,0,0,0,0,0.000000,0.000000,0.000000
5.9,0,31,31,-1,0,0.000000,0.000000,0.000000
,0,0,0,0,0,0.000000,0.000000,0.000000
,0,0,0,0,0,0.000000,0.000000,0.000000
,0,0,0,0,0,0.000000,0.000000,0.000000
,0,0,0,0,0,0.000000,0.000000,0.000000
,0,0,0,0,0,0.000000,0.000000,0.000000
,0,0,0,0,0,0.000000,0.000000,0.000000
,0,0,0,0,0,0.000000,0.000000,0.000000
,0,0,0,0,0,0.000000,0.000000,0.000000
,0,0,0,0,0,0.000000,0.000000,0.000000
5.95,0,32,32,-1,0,0.143752,0.000000,0.018078
,0,0,0,0,0,0.000000,0.000000,0.000000
,0,0,0,0,0,0.000000,0.000000,0.000000
,0,0,0,0,0,0.000000,0.000000,0.000000
,0,0,0,0,0,0.000000,0.000000,0.000000
,0,0,0,0,0,0.000000,0.000000,0.000000
,0,0,0,0,0,0.000000,0.000000,0.000000
,0,0,0,0,0,0.000000,0.000000,0.000000
,0,0,0,0,0,0.000000,0.000000,0.000000
,0,0,0,0,0,0.000000,0.000000,0.000000
6,0,32,32,-1,0,0.000000,0.000000,0.000000
,0,0,0,0,0,0.000000,0.000000,0.000000
,0,0,0,0,0,0.000000,0.000000,0.000000
,0,0,0,0,0,0.000000,0.000000,0.000000
,0,0,0,0,0,0.000000,0.000000,0.000000
,0,0,0,0,0,0.000000,0.000000,0.000000
,0,0,0,0,0,0.000000,0.000000,0.000000
,0,0,0,0,0,0.000000,0.000000,0.000000
,0,0,0,0,0,0.000000,0.000000,0.000000
,0,0,0,0,0,0.000000,0.000000,0.000000
6.05,0,32,32,-1,0,0.000000,0.000000,0.000000
,0,0,0,0,0,0.000000,0.000000,0.000000
,0,0,0,0,0,0.000000,0.000000,0.000000
,0,0,0,0,0,0.000000,0.000000,0.000000
,0,0,0,0,0,0.000000,0.000000,0.000000
,0,0,0,0,0,0.000000,0.000000,0.000000
,0,0,0,0,0,0.000000,0.000000,0.000000
,0,0,0,0,0,0.000000,0.000000,0.000000
,0,0,0,0,0,0.000000,0.000000,0.000000
,0,0,0,0,0,0.000000,0.000000,0.000000
6.1,0,34,34,-1,0,0.036678,0.000000,0.008321
,0,0,0,0,0,0.000000,0.000000,0.000000
,0,0,0,0,0,0.000000,0.000000,0.000000
,0,0,0,0,0,0.000000,0.000000,0.000000
,0,0,0,0,0,0.000000,0.000000,0.000000
,0,0,0,0,0,0.000000,0.000000,0.000000
,0,0,0,0,0,0.000000,0.000000,0.000000
,0,0,0,0,0,0.000000,0.000000,0.000000
,0,0,0,0,0,0.000000,0.000000,0.000000
,0,0,0,0,0,0.000000,0.000000,0.000000
6.15,0,34,34,-1,0,0.000000,0.000000,0.000000
,0,0,0,0,0,0.000000,0.000000,0.000000
,0,0,0,0,0,0.000000,0.000000,0.000000
,0,0,0,0,0,0.000000,0.000000,0.000000
,0,0,0,0,0,0.000000,0.000000,0.000000
,0,0,0,0,0,0.000000,0.000000,0.000000
,0,0,0,0,0,0.000000,0.000000,0.000000
,0,0,0,0,0,0.000000,0.000000,0.000000
,0,0,0,0,0,0.000000,0.000000,0.000000
,0,0,0,0,0,0.000000,0.000000,0.000000
6.2,0,34,34,-1,0,0.000000,0.000000,0.000000
,0,0,0,0,0,0.000000,0.000000,0.000000
,0,0,0,0,0,0.000000,0.000000,0.000000
,0,0,0,0,0,0.000000,0.000000,0.000000
,0,0,0,0,0,0.000000,0.000000,0.000000
,0,0,0,0,0,0.000000,0.000000,0.000000
,0,0,0,0,0,0.000000,0.000000,0.000000
,0,0,0,0,0,0.000000,0.000000,0.000000
,0,0,0,0,0,0.000000,0.000000,0.000000
,0,0,0,0,0,0.000000,0.000000,0.000000
6.25,0,34,34,-1,0,0.000000,0.000000,0.000000
,0,0,0,0,0,0.000000,0.000000,0.000000
,0,0,0,0,0,0.000000,0.000000,0.000000
,0,0,0,0,0,0.000000,0.000000,0.000000
,0,0,0,0,0,0.000000,0.000000,0.000000
,0,0,0,0,0,0.000000,0.000000,0.000000
,0,0,0,0,0,0.000000,0.000000,0.000000
,0,0,0,0,0,0.000000,0.000000,0.000000
,0,0,0,0,0,0.000000,0.000000,0.000000
,0,0,0,0,0,0.000000,0.000000,0.000000
6.3,0,35,35,-1,0,0.193615,0.000000,0.020205
,0,0,0,0,0,0.000000,0.000000,0.000000
,0,0,0,0,0,0.000000,0.000000,0.000000
,0,0,0,0,0,0.000000,0.000000,0.000000
,0,0,0,0,0,0.000000,0.000000,0.000000
,0,0,0,0,0,0.000000,0.000000,0.000000
,0,0,0,0,0,0.000000,0.000000,0.000000
,0,0,0,0,0,0.000000,0.000000,0.000000
,0,0,0,0,0,0.000000,0.000000,0.000000
,0,0,0,0,0,0.000000,0.000000,0.000000
6.35,0,37,37,-1,0,0.091175,0.000000,0.014826
,0,0,0,0,0,0.000000,0.000000,0.000000
,0,0,0,0,0,0.000000,0.000000,0.000000
,0,0,0,0,0,0.000000,0.000000,0.000000
,0,0,0,0,0,0.000000,0.000000,0.000000
,0,0,0,0,0,0.000000,0.000000,0.000000
,0,0,0,0,0,0.000000,0.000000,0.000000
,0,0,0,0,0,0.000000,0.000000,0.000000
,0,0,0,0,0,0.000000,0.000000,0.000000
,0,0,0,0,0,0.000000,0.000000,0.000000
6.4,0,37,37,-1,0,0.000000,0.000000,0.000000
,0,0,0,0,0,0.000000,0.000000,0.000000
,0,0,0,0,0,0.000000,0.000000,0.000000
,0,0,0,0,0,0.000000,0.000000,0.000000
,0,0,0,0,0,0.000000,0.000000,0.000000
,0,0,0,0,0,0.000000,0.000000,0.000000
,0,0,0,0,0,0.000000,0.000000,0.000000
,0,0,0,0,0,0.000000,0.000000,0.000000
,0,0,0,0,0,0.000000,0.000000,0.000000
,0,0,0,0,0,0.000000,0.000000,0.000000
6.45,0,37,37,-1,0,0.000000,0.000000,0.000000
,0,0,0,0,0,0.000000,0.000000,0.000000
,0,0,0,0,0,0.000000,0.000000,0.000000
,0,0,0,0,0,0.000000,0.000000,0.000000
,0,0,0,0,0,0.000000,0.000000,0.000000
,0,0,0,0,0,0.000000,0.000000,0.000000
,0,0,0,0,0,0.000000,0.000000,0.000000
,0,0,0,0,0,0.000000,0.000000,0.000000
,0,0,0,0,0,0.000000,0.000000,0.000000
,0,0,0,0,0,0.000000,0.000000,0.000000
6.5,0,37,37,-1,0,0.000000,0.000000,0.000000
,0,0,0,0,0,0.000000,0.000000,0.000000
,0,0,0,0,0,0.000000,0.000000,0.000000
,0,0,0,0,0,0.000000,0.000000,0.000000
,0,0,0,0,0,0.000000,0.000000,0.000000
,0,0,0,0,0,0.000000,0.000000,0.000000
,0,0,0,0,0,0.000000,0.000000,0.000000
,0,0,0,0,0,0.000000,0.000000,0.000000
,0,0,0,0,0,0.000000,0.000000,0.000000
,0,0,0,0,0,0.000000,0.000000,0.000000
6.55,0,38,38,-1,0,0.168923,0.000000,0.019231
,0,0,0,0,0,0.000000,0.000000,0.000000
,0,0,0,0,0,0.000000,0.000000,0.000000
,0,0,0,0,0,0.000000,0.000000,0.000000
,0,0,0,0,0,0.000000,0.000000,0.000000
,0,0,0,0,0,0.000000,0.000000,0.000000
,0,0,0,0,0,0.000000,0.000000,0.000000
,0,0,0,0,0,0.000000,0.000000,0.000000
,0,0,0,0,0,0.000000,0.000000,0.000000
,0,0,0,0,0,0.000000,0.000000,0.000000
6.6,0,39,39,-1,0,0.107154,0.000000,0.015979
,0,0,0,0,0,0.000000,0.000000,0.000000
,0,0,0,0,0,0.000000,0.000000,0.000000
,0,0,0,0,0,0.000000,0.000000,0.000000
,0,0,0,0,0,0.000000,0.000000,0.000000
,0,0,0,0,0,0.000000,0.000000,0.000000
,0,0,0,0,0,0.000000,0.000000,0.000000
,0,0,0,0,0,0.000000,0.000000,0.000000
,0,0,0,0,0,0.000000,0.000000,0.000000
,0,0,0,0,0,0.000000,0.000000,0.000000
6.65,0,40,40,-1,0,0.101531,0.000000,0.015594
,0,0,0,0,0,0.000000,0.000000,0.000000
,0,0,0,0,0,0.000000,0.000000,0.000000
,0,0,0,0,0,0.000000,0.000000,0.000000
,0,0,0,0,0,0.000000,0.000000,0.000000
,0,0,0,0,0,0.000000,0.000000,0.000000
,0,0,0,0,0,0.000000,0.000000,0.000000
,0,0,0,0,0,0.000000,0.000000,0.000000
,0,0,0,0,0,0.000000,0.000000,0.000000
,0,0,0,0,0,0.000000,0.000000,0.000000
6.7,0,40,40,-1,0,0.000000,0.000000,0.000000
,0,0,0,0,0,0.000000,0.000000,0.000000
,0,0,0,0,0,0.000000,0.000000,0.000000
,0,0,0,0,0,0.000000,0.000000,0.000000
,0,0,0,0,0,0.000000,0.000000,0.000000
,0,0,0,0,0,0.000000,0.000000,0.000000
,0,0,0,0,0,0.000000,0.000000,0.000000
,0,0,0,0,0,0.000000,0.000000,0.000000
,0,0,0,0,0,0.000000,0.000000,0.000000
,0,0,0,0,0,0.000000,0.000000,0.000000
6.75,0,40,40,-1,0,0.000000,0.000000,0.000000
,0,0,0,0,0,0.000000,0.000000,0.000000
,0,0,0,0,0,0.000000,0.000000,0.000000
,0,0,0,0,0,0.000000,0.000000,0.000000
,0,0,0,0,0,0.000000,0.000000,0.000000
,0,0,0,0,0,0.000000,0.000000,0.000000
,0,0,0,0,0,0.000000,0.000000,0.000000
,0,0,0,0,0,0.000000,0.000000,0.000000
,0,0,0,0,0,0.000000,0.000000,0.000000
,0,0,0,0,0,0.000000,0.000000,0.000000
6.8,0,41,41,-1,0,0.089718,0.000000,0.014711
,0,0,0,0,0,0.000000,0.000000,0.000000
,0,0,0,0,0,0.000000,0.000000,0.000000
,0,0,0,0,0,0.000000,0.000000,0.000000
,0,0,0,0,0,0.000000,0.000000,0.000000
,0,0,0,0,0,0.000000,0.000000,0.000000
,0,0,0,0,0,0.000000,0.000000,0.000000
,0,0,0,0,0,0.000000,0.000000,0.000000
,0,0,0,0,0,0.000000,0.000000,0.000000
,0,0,0,0,0,0.000000,0.000000,0.000000
6.85,0,42,42,-1,0,0.216737,0.000000,0.021011
,0,0,0,0,0,0.000000,0.000000,0.000000
,0,0,0,0,0,0.000000,0.000000,0.000000
,0,0,0,0,0,0.000000,0.000000,0.000000
,0,0,0,0,0,0.000000,0.000000,0.000000
,0,0,0,0,0,0.000000,0.000000,0.000000
,0,0,0,0,0,0.000000,0.000000,0.000000
,0,0,0,0,0,0.000000,0.000000,0.000000
,0,0,0,0,0,0.000000,0.000000,0.000000
,0,0,0,0,0,0.000000,0.000000,0.000000
6.9,0,43,43,-1,0,0.109947,0.000000,0.016163
,0,0,0,0,0,0.000000,0.000000,0.000000
,0,0,0,0,0,0.000000,0.000000,0.000000
,0,0,0,0,0,0.000000,0.000000,0.000000
,0,0,0,0,0,0.000000,0.000000,0.000000
,0,0,0,0,0,0.000000,0.000000,0.000000
,0,0,0,0,0,0.000000,0.000000,0.000000
,0,0,0,0,0,0.000000,0.000000,0.000000
,0,0,0,0,0,0.000000,0.000000,0.000000
,0,0,0,0,0,0.000000,0.000000,0.000000
6.95,0,43,43,-1,0,0.000000,0.000000,0.000000
,0,0,0,0,0,0.000000,0.000000,0.000000
,0,0,0,0,0,0.000000,0.000000,0.000000
,0,0,0,0,0,0.000000,0.000000,0.000000
,0,0,0,0,0,0.000000,0.000000,0.000000
,0,0,0,0,0,0.000000,0.000000,0.000000
,0,0,0,0,0,0.000000,0.000000,0.000000
,0,0,0,0,0,0.000000,0.000000,0.000000
,0,0,0,0,0,0.000000,0.000000,0.000000
,0,0,0,0,0,0.000000,0.000000,0.000000
7,0,44,44,-1,0,0.109510,0.000000,0.016135
,0,0,0,0,0,0.000000,0.000000,0.000000
,0,0,0,0,0,0.000000,0.000000,0.000000
,0,0,0,0,0,0.000000,0.000000,0.000000
,0,0,0,0,0,0.000000,0.000000,0.000000
,0,0,0,0,0,0.000000,0.000000,0.000000
,0,0,0,0,0,0.000000,0.000000,0.000000
,0,0,0,0,0,0.000000,0.000000,0.000000
,0,0,0,0,0,0.000000,0.000000,0.000000
,0,0,0,0,0,0.000000,0.000000,0.000000
7.05,0,45,45,-1,0,0.200456,0.000000,0.020453
,0,0,0,0,0,0.000000,0.000000,0.000000
,0,0,0,0,0,0.000000,0.000000,0.000000
,0,0,0,0,0,0.000000,0.000000,0.000000
,0,0,0,0,0,0.000000,0.000000,0.000000
,0,0,0,0,0,0.000000,0.000000,0.000000
,0,0,0,0,0,0.000000,0.000000,0.000000
,0,0,0,0,0,0.000000,0.000000,0.000000
,0,0,0,0,0,0.000000,0.000000,0.000000
,0,0,0,0,0,0.000000,0.000000,0.000000
7.1,0,46,46,-1,0,0.192139,0.000000,0.020150
,0,0,0,0,0,0.000000,0.000000,0.000000
,0,0,0,0,0,0.000000,0.000000,0.000000
,0,0,0,0,0,0.000000,0.000000,0.000000
,0,0,0,0,0,0.000000,0.000000,0.000000
,0,0,0,0,0,0.000000,0.000000,0.000000
,0,0,0,0,0,0.000000,0.000000,0.000000
,0,0,0,0,0,0.000000,0.000000,0.000000
,0,0,0,0,0,0.000000,0.000000,0.000000
,0,0,0,0,0,0.000000,0.000000,0.000000
7.15,0,47,47,-1,0,0.059611,0.000000,0.011790
,0,0,0,0,0,0.000000,0.000000,0.000000
,0,0,0,0,0,0.000000,0.000000,0.000000
,0,0,0,0,0,0.000000,0.000000,0.000000
,0,0,0,0,0,0.000000,0.000000,0.000000
,0,0,0,0,0,0.000000,0.000000,0.000000
,0,0,0,0,0,0.000000,0.000000,0.000000
,0,0,0,0,0,0.000000,0.000000,0.000000
,0,0,0,0,0,0.000000,0.000000,0.000000
,0,0,0,0,0,0.000000,0.000000,0.000000
7.2,0,47,47,-1,0,0.000000,0.000000,0.000000
,0,0,0,0,0,0.000000,0.000000,0.000000
,0,0,0,0,0,0.000000,0.000000,0.000000
,0,0,0,0,0,0.000000,0.000000,0.000000
,0,0,0,0,0,0.000000,0.000000,0.000000
,0,0,0,0,0,0.000000,0.000000,0.000000
,0,0,0,0,0,0.000000,0.000000,0.000000
,0,0,0,0,0,0.000000,0.000000,0.000000
,0,0,0,0,0,0.000000,0.000000,0.000000
,0,0,0,0,0,0.000000,0.000000,0.000000
7.25,0,48,48,-1,0,0.407693,0.000000,0.025524
,0,0,0,0,0,0.000000,0.000000,0.000000
,0,0,0,0,0,0.000000,0.000000,0.000000
,0,0,0,0,0,0.000000,0.000000,0.000000
,0,0,0,0,0,0.000000,0.000000,0.000000
,0,0,0,0,0,0.000000,0.000000,0.000000
,0,0,0,0,0,0.000000,0.000000,0.000000
,0,0,0,0,0,0.000000,0.000000,0.000000
,0,0,0,0,0,0.000000,0.000000,0.000000
,0,0,0,0,0,0.000000,0.000000,0.000000
7.3,0,48,48,-1,0,0.000000,0.000000,0.000000
,0,0,0,0,0,0.000000,0.000000,0.000000
,0,0,0,0,0,0.000000,0.000000,0.000000
,0,0,0,0,0,0.000000,0.000000,0.000000
,0,0,0,0,0,0.000000,0.000000,0.000000
,0,0,0,0,0,0.000000,0.000000,0.000000
,0,0,0,0,0,0.000000,0.000000,0.000000
,0,0,0,0,0,0.000000,0.000000,0.000000
,0,0,0,0,0,0.000000,0.000000,0.000000
,0,0,0,0,0,0.000000,0.000000,0.000000
7.35,0,49,49,-1,0,0.172473,0.000000,0.019379
,0,0,0,0,0,0.000000,0.000000,0.000000
,0,0,0,0,0,0.000000,0.000000,0.000000
,0,0,0,0,0,0.000000,0.000000,0.000000
,0,0,0,0,0,0.000000,0.000000,0.000000
,0,0,0,0,0,0.000000,0.000000,0.000000
,0,0,0,0,0,0.000000,0.000000,0.000000
,0,0,0,0,0,0.000000,0.000000,0.000000
,0,0,0,0,0,0.000000,0.000000,0.000000
,0,0,0,0,0,0.000000,0.000000,0.000000
7.4,0,50,50,-1,0,0.256952,0.000000,0.022227
,0,0,0,0,0,0.000000,0.000000,0.000000
,0,0,0,0,0,0.000000,0.000000,0.000000
,0,0,0,0,0,0.000000,0.000000,0.000000
,0,0,0,0,0,0.000000,0.000000,0.000000
,0,0,0,0,0,0.000000,0.000000,0.000000
,0,0,0,0,0,0.000000,0.000000,0.000000
,0,0,0,0,0,0.000000,0.000000,0.000000
,0,0,0,0,0,0.000000,0.000000,0.000000
,0,0,0,0,0,0.000000,0.000000,0.000000
7.45,0,52,52,-1,0,0.066756,0.000000,0.012599
,0,0,0,0,0,0.000000,0.000000,0.000000
,0,0,0,0,0,0.000000,0.000000,0.000000
,0,0,0,0,0,0.000000,0.000000,0.000000
,0,0,0,0,0,0.000000,0.000000,0.000000
,0,0,0,0,0,0.000000,0.000000,0.000000
,0,0,0,0,0,0.000000,0.000000,0.000000
,0,0,0,0,0,0.000000,0.000000,0.000000
,0,0,0,0,0,0.000000,0.000000,0.000000
,0,0,0,0,0,0.000000,0.000000,0.000000
7.5,0,52,52,-1,0,0.000000,0.000000,0.000000
,0,0,0,0,0,0.000000,0.000000,0.000000
,0,0,0,0,0,0.000000,0.000000,0.000000
,0,0,0,0,0,0.000000,0.000000,0.000000
,0,0,0,0,0,0.000000,0.000000,0.000000
,0,0,0,0,0,0.000000,0.000000,0.000000
,0,0,0,0,0,0.000000,0.000000,0.000000
,0,0,0,0,0,0.000000,0.000000,0.000000
,0,0,0,0,0,0.000000,0.000000,0.000000
,0,0,0,0,0,0.000000,0.000000,0.000000
7.55,0,52,52,-1,0,0.000000,0.000000,0.000000
,0,0,0,0,0,0.000000,0.000000,0.000000
,0,0,0,0,0,0.000000,0.000000,0.000000
,0,0,0,0,0,0.000000,0.000000,0.000000
,0,0,0,0,0,0.000000,0.000000,0.000000
,0,0,0,0,0,0.000000,0.000000,0.000000
,0,0,0,0,0,0.000000,0.000000,0.000000
,0,0,0,0,0,0.000000,0.000000,0.000000
,0,0,0,0,0,0.000000,0.000000,0.000000
,0,0,0,0,0,0.000000,0.000000,0.000000
7.6,0,52,52,-1,0,0.000000,0.000000,0.000000
,0,0,0,0,0,0.000000,0.000000,0.000000
,0,0,0,0,0,0.000000,0.000000,0.000000
,0,0,0,0,0,0.000000,0.000000,0.000000
,0,0,0,0,0,0.000000,0.000000,0.000000
,0,0,0,0,0,0.000000,0.000000,0.000000
,0,0,0,0,0,0.000000,0.000000,0.000000
,0,0,0,0,0,0.000000,0.000000,0.000000
,0,0,0,0,0,0.000000,0.000000,0.000000
,0,0,0,0,0,0.000000,0.000000,0.000000
7.65,0,52,52,-1,0,0.000000,0.000000,0.000000
,0,0,0,0,0,0.000000,0.000000,0.000000
,0,0,0,0,0,0.000000,0.000000,0.000000
,0,0,0,0,0,0.000000,0.000000,0.000000
,0,0,0,0,0,0.000000,0.000000,0.000000
,0,0,0,0,0,0.000000,0.000000,0.000000
,0,0,0,0,0,0.000000,0.000000,0.000000
,0,0,0,0,0,0.000000,0.000000,0.000000
,0,0,0,0,0,0.000000,0.000000,0.000000
,0,0,0,0,0,0.000000,0.000000,0.000000
7.7,0,55,55,-1,0,0.147467,0.000000,0.018260
,0,0,0,0,0,0.000000,0.000000,0.000000
,0,0,0,0,0,0.000000,0.000000,0.000000
,0,0,0,0,0,0.000000,0.000000,0.000000
,0,0,0,0,0,0.000000,0.000000,0.000000
,0,0,0,0,0,0.000000,0.000000,0.000000
,0,0,0,0,0,0.000000,0.000000,0.000000
,0,0,0,0,0,0.000000,0.000000,0.000000
,0,0,0,0,0,0.000000,0.000000,0.000000
,0,0,0,0,0,0.000000,0.000000,0.000000
7.75,0,56,56,-1,0,0.052423,0.000000,0.010873
,0,0,0,0,0,0.000000,0.000000,0.000000
,0,0,0,0,0,0.000000,0.000000,0.000000
,0,0,0,0,0,0.000000,0.000000,0.000000
,0,0,0,0,0,0.000000,0.000000,0.000000
,0,0,0,0,0,0.000000,0.000000,0.000000
,0,0,0,0,0,0.000000,0.000000,0.000000
,0,0,0,0,0,0.000000,0.000000,0.000000
,0,0,0,0,0,0.000000,0.000000,0.000000
,0,0,0,0,0,0.000000,0.000000,0.000000
7.8,0,56,56,-1,0,0.000000,0.000000,0.000000
,0,0,0,0,0,0.000000,0.000000,0.000000
,0,0,0,0,0,0.000000,0.000000,0.000000
,0,0,0,0,0,0.000000,0.000000,0.000000
,0,0,0,0,0,0.000000,0.000000,0.000000
,0,0,0,0,0,0.000000,0.000000,0.000000
,0,0,0,0,0,0.000000,0.000000,0.000000
,0,0,0,0,0,0.000000,0.000000,0.000000
,0,0,0,0,0,0.000000,0.000000,0.000000
,0,0,0,0,0,0.000000,0.000000,0.000000
7.85,0,56,56,-1,0,0.000000,0.000000,0.000000
,0,0,0,0,0,0.000000,0.000000,0.000000
,0,0,0,0,0,0.000000,0.000000,0.000000
,0,0,0,0,0,0.000000,0.000000,0.000000
,0,0,0,0,0,0.000000,0.000000,0.000000
,0,0,0,0,0,0.000000,0.000000,0.000000
,0,0,0,0,0,0.000000,0.000000,0.000000
,0,0,0,0,0,0.000000,0.000000,0.000000
,0,0,0,0,0,0.000000,0.000000,0.000000
,0,0,0,0,0,0.000000,0.000000,0.000000
7.9,0,57,57,-1,0,0.061201,0.000000,0.011978
,0,0,0,0,0,0.000000,0.000000,0.000000
,0,0,0,0,0,0.000000,0.000000,0.000000
,0,0,0,0,0,0.000000,0.000000,0.000000
,0,0,0,0,0,0.000000,0.000000,0.000000
,0,0,0,0,0,0.000000,0.000000,0.000000
,0,0,0,0,0,0.000000,0.000000,0.000000
,0,0,0,0,0,0.000000,0.000000,0.000000
,0,0,0,0,0,0.000000,0.000000,0.000000
,0,0,0,0,0,0.000000,0.000000,0.000000
7.95,0,59,59,-1,0,0.078022,0.000000,0.013713
,0,0,0,0,0,0.000000,0.000000,0.000000
,0,0,0,0,0,0.000000,0.000000,0.000000
,0,0,0,0,0,0.000000,0.000000,0.000000
,0,0,0,0,0,0.000000,0.000000,0.000000
,0,0,0,0,0,0.000000,0.000000,0.000000
,0,0,0,0,0,0.000000,0.000000,0.000000
,0,0,0,0,0,0.000000,0.000000,0.000000
,0,0,0,0,0,0.000000,0.000000,0.000000
,0,0,0,0,0,0.000000,0.000000,0.000000
8,0,60,60,-1,0,0.073154,0.000000,0.013253
,0,0,0,0,0,0.000000,0.000000,0.000000
,0,0,0,0,0,0.000000,0.000000,0.000000
,0,0,0,0,0,0.000000,0.000000,0.000000
,0,0,0,0,0,0.000000,0.000000,0.000000
,0,0,0,0,0,0.000000,0.000000,0.000000
,0,0,0,0,0,0.000000,0.000000,0.000000
,0,0,0,0,0,0.000000,0.000000,0.000000
,0,0,0,0,0,0.000000,0.000000,0.000000
,0,0,0,0,0,0.000000,0.000000,0.000000
8.05,0,61,61,-1,0,0.231736,0.000000,0.021489
,0,0,0,0,0,0.000000,0.000000,0.000000
,0,0,0,0,0,0.000000,0.000000,0.000000
,0,0,0,0,0,0.000000,0.000000,0.000000
,0,0,0,0,0,0.000000,0.000000,0.000000
,0,0,0,0,0,0.000000,0.000000,0.000000
,0,0,0,0,0,0.000000,0.000000,0.000000
,0,0,0,0,0,0.000000,0.000000,0.000000
,0,0,0,0,0,0.000000,0.000000,0.000000
,0,0,0,0,0,0.000000,0.000000,0.000000
8.1,0,61,61,-1,0,0.000000,0.000000,0.000000
,0,0,0,0,0,0.000000,0.000000,0.000000
,0,0,0,0,0,0.000000,0.000000,0.000000
,0,0,0,0,0,0.000000,0.000000,0.000000
,0,0,0,0,0,0.000000,0.000000,0.000000
,0,0,0,0,0,0.000000,0.000000,0.000000
,0,0,0,0,0,0.000000,0.000000,0.000000
,0,0,0,0,0,0.000000,0.000000,0.000000
,0,0,0,0,0,0.000000,0.000000,0.000000
,0,0,0,0,0,0.000000,0.000000,0.000000
8.15,0,62,62,-1,0,0.163272,0.000000,0.018987
,0,0,0,0,0,0.000000,0.000000,0.000000
,0,0,0,0,0,0.000000,0.000000,0.000000
,0,0,0,0,0,0.000000,0.000000,0.000000
,0,0,0,0,0,0.000000,0.000000,0.000000
,0,0,0,0,0,0.000000,0.000000,0.000000
,0,0,0,0,0,0.000000,0.000000,0.000000
,0,0,0,0,0,0.000000,0.000000,0.000000
,0,0,0,0,0,0.000000,0.000000,0.000000
,0,0,0,0,0,0.000000,0.000000,0.000000
8.2,0,63,63,-1,0,0.031454,0.000000,0.007224
,0,0,0,0,0,0.000000,0.000000,0.000000
,0,0,0,0,0,0.000000,0.000000,0.000000
,0,0,0,0,0,0.000000,0.000000,0.000000
,0,0,0,0,0,0.000000,0.000000,0.000000
,0,0,0,0,0,0.000000,0.000000,0.000000
,0,0,0,0,0,0.000000,0.000000,0.000000
,0,0,0,0,0,0.000000,0.000000,0.000000
,0,0,0,0,0,0.000000,0.000000,0.000000
,0,0,0,0,0,0.000000,0.000000,0.000000
8.25,0,64,64,-1,0,0.105246,0.000000,0.015851
,0,0,0,0,0,0.000000,0.000000,0.000000
,0,0,0,0,0,0.000000,0.000000,0.000000
,0,0,0,0,0,0.000000,0.000000,0.000000
,0,0,0,0,0,0.000000,0.000000,0.000000
,0,0,0,0,0,0.000000,0.000000,0.000000
,0,0,0,0,0,0.000000,0.000000,0.000000
,0,0,0,0,0,0.000000,0.000000,0.000000
,0,0,0,0,0,0.000000,0.000000,0.000000
,0,0,0,0,0,0.000000,0.000000,0.000000
8.3,0,64,64,-1,0,0.000000,0.000000,0.000000
,0,0,0,0,0,0.000000,0.000000,0.000000
,0,0,0,0,0,0.000000,0.000000,0.000000
,0,0,0,0,0,0.000000,0.000000,0.000000
,0,0,0,0,0,0.000000,0.000000,0.000000
,0,0,0,0,0,0.000000,0.000000,0.000000
,0,0,0,0,0,0.000000,0.000000,0.000000
,0,0,0,0,0,0.000000,0.000000,0.000000
,0,0,0,0,0,0.000000,0.000000,0.000000
,0,0,0,0,0,0.000000,0.000000,0.000000
8.35,0,64,64,-1,0,0.000000,0.000000,0.000000
,0,0,0,0,0,0.000000,0.000000,0.000000
,0,0,0,0,0,0.000000,0.000000,0.000000
,0,0,0,0,0,0.000000,0.000000,0.000000
,0,0,0,0,0,0.000000,0.000000,0.000000
,0,0,0,0,0,0.000000,0.000000,0.000000
,0,0,0,0,0,0.000000,0.000000,0.000000
,0,0,0,0,0,0.000000,0.000000,0.000000
,0,0,0,0,0,0.000000,0.000000,0.000000
,0,0,0,0,0,0.000000,0.000000,0.000000
8.4,0,65,65,-1,0,0.319595,0.000000,0.023785
,0,0,0,0,0,0.000000,0.000000,0.000000
,0,0,0,0,0,0.000000,0.000000,0.000000
,0,0,0,0,0,0.000000,0.000000,0.000000
,0,0,0,0,0,0.000000,0.000000,0.000000
,0,0,0,0,0,0.000000,0.000000,0.000000
,0,0,0,0,0,0.000000,0.000000,0.000000
,0,0,0,0,0,0.000000,0.000000,0.000000
,0,0,0,0,0,0.000000,0.000000,0.000000
,0,0,0,0,0,0.000000,0.000000,0.000000
8.45,0,66,66,-1,0,0.111894,0.000000,0.016288
,0,0,0,0,0,0.000000,0.000000,0.000000
,0,0,0,0,0,0.000000,0.000000,0.000000
,0,0,0,0,0,0.000000,0.000000,0.000000
,0,0,0,0,0,0.000000,0.000000,0.000000
,0,0,0,0,0,0.000000,0.000000,0.000000
,0,0,0,0,0,0.000000,0.000000,0.000000
,0,0,0,0,0,0.000000,0.000000,0.000000
,0,0,0,0,0,0.000000,0.000000,0.000000
,0,0,0,0,0,0.000000,0.000000,0.000000
8.5,0,66,66,-1,0,0.000000,0.000000,0.000000
,0,0,0,0,0,0.000000,0.000000,0.000000
,0,0,0,0,0,0.000000,0.000000,0.000000
,0,0,0,0,0,0.000000,0.000000,0.000000
,0,0,0,0,0,0.000000,0.000000,0.000000
,0,0,0,0,0,0.000000,0.000000,0.000000
,0,0,0,0,0,0.000000,0.000000,0.000000
,0,0,0,0,0,0.000000,0.000000,0.000000
,0,0,0,0,0,0.000000,0.000000,0.000000
,0,0,0,0,0,0.000000,0.000000,0.000000
8.55,0,68,68,-1,0,0.564834,0.000000,0.027853
,0,0,0,0,0,0.000000,0.000000,0.000000
,0,0,0,0,0,0.000000,0.000000,0.000000
,0,0,0,0,0,0.000000,0.000000,0.000000
,0,0,0,0,0,0.000000,0.000000,0.000000
,0,0,0,0,0,0.000000,0.000000,0.000000
,0,0,0,0,0,0.000000,0.000000,0.000000
,0,0,0,0,0,0.000000,0.000000,0.000000
,0,0,0,0,0,0.000000,0.000000,0.000000
,0,0,0,0,0,0.000000,0.000000,0.000000
8.6,0,69,69,-1,0,0.025542,0.000000,0.005737
,0,0,0,0,0,0.000000,0.000000,0.000000
,0,0,0,0,0,0.000000,0.000000,0.000000
,0,0,0,0,0,0.000000,0.000000,0.000000
,0,0,0,0,0,0.000000,0.000000,0.000000
,0,0,0,0,0,0.000000,0.000000,0.000000
,0,0,0,0,0,0.000000,0.000000,0.000000
,0,0,0,0,0,0.000000,0.000000,0.000000
,0,0,0,0,0,0.000000,0.000000,0.000000
,0,0,0,0,0,0.000000,0.000000,0.000000
8.65,0,69,69,-1,0,0.000000,0.000000,0.000000
,0,0,0,0,0,0.000000,0.000000,0.000000
,0,0,0,0,0,0.000000,0.000000,0.000000
,0,0,0,0,0,0.000000,0.000000,0.000000
,0,0,0,0,0,0.000000,0.000000,0.000000
,0,0,0,0,0,0.000000,0.000000,0.000000
,0,0,0,0,0,0.000000,0.000000,0.000000
,0,0,0,0,0,0.000000,0.000000,0.000000
,0,0,0,0,0,0.000000,0.000000,0.000000
,0,0,0,0,0,0.000000,0.000000,0.000000
8.7,0,69,69,-1,0,0.000000,0.000000,0.000000
,0,0,0,0,0,0.000000,0.000000,0.000000
,0,0,0,0,0,0.000000,0.000000,0.000000
,0,0,0,0,0,0.000000,0.000000,0.000000
,0,0,0,0,0,0.000000,0.000000,0.000000
,0,0,0,0,0,0.000000,0.000000,0.000000
,0,0,0,0,0,0.000000,0.000000,0.000000
,0,0,0,0,0,0.000000,0.000000,0.000000
,0,0,0,0,0,0.000000,0.000000,0.000000
,0,0,0,0,0,0.000000,0.000000,0.000000
8.75,0,70,70,-1,0,0.022504,0.000000,0.004832
,0,0,0,0,0,0.000000,0.000000,0.000000
,0,0,0,0,0,0.000000,0.000000,0.000000
,0,0,0,0,0,0.000000,0.000000,0.000000
,0,0,0,0,0,0.000000,0.000000,0.000000
,0,0,0,0,0,0.000000,0.000000,0.000000
,0,0,0,0,0,0.000000,0.000000,0.000000
,0,0,0,0,0,0.000000,0.000000,0.000000
,0,0,0,0,0,0.000000,0.000000,0.000000
,0,0,0,0,0,0.000000,0.000000,0.000000
8.8,0,71,71,-1,0,0.089882,0.000000,0.014724
,0,0,0,0,0,0.000000,0.000000,0.000000
,0,0,0,0,0,0.000000,0.000000,0.000000
,0,0,0,0,0,0.000000,0.000000,0.000000
,0,0,0,0,0,0.000000,0.000000,0.000000
,0,0,0,0,0,0.000000,0.000000,0.000000
,0,0,0,0,0,0.000000,0.000000,0.000000
,0,0,0,0,0,0.000000,0.000000,0.000000
,0,0,0,0,0,0.000000,0.000000,0.000000
,0,0,0,0,0,0.000000,0.000000,0.000000
8.85,0,72,72,-1,0,0.227920,0.000000,0.021370
,0,0,0,0,0,0.000000,0.000000,0.000000
,0,0,0,0,0,0.000000,0.000000,0.000000
,0,0,0,0,0,0.000000,0.000000,0.000000
,0,0,0,0,0,0.000000,0.000000,0.000000
,0,0,0,0,0,0.000000,0.000000,0.000000
,0,0,0,0,0,0.000000,0.000000,0.000000
,0,0,0,0,0,0.000000,0.000000,0.000000
,0,0,0,0,0,0.000000,0.000000,0.000000
,0,0,0,0,0,0.000000,0.000000,0.000000
8.9,0,73,73,-1,0,0.417558,0.000000,0.025695
,0,0,0,0,0,0.000000,0.000000,0.000000
,0,0,0,0,0,0.000000,0.000000,0.000000
,0,0,0,0,0,0.000000,0.000000,0.000000
,0,0,0,0,0,0.000000,0.000000,0.000000
,0,0,0,0,0,0.000000,0.000000,0.000000
,0,0,0,0,0,0.000000,0.000000,0.000000
,0,0,0,0,0,0.000000,0.000000,0.000000
,0,0,0,0,0,0.000000,0.000000,0.000000
,0,0,0,0,0,0.000000,0.000000,0.000000
8.95,0,75,75,-1,0,0.124512,0.000000,0.017052
,0,0,0,0,0,0.000000,0.000000,0.000000
,0,0,0,0,0,0.000000,0.000000,0.000000
,0,0,0,0,0,0.000000,0.000000,0.000000
,0,0,0,0,0,0.000000,0.000000,0.000000
,0,0,0,0,0,0.000000,0.000000,0.000000
,0,0,0,0,0,0.000000,0.000000,0.000000
,0,0,0,0,0,0.000000,0.000000,0.000000
,0,0,0,0,0,0.000000,0.000000,0.000000
,0,0,0,0,0,0.000000,0.000000,0.000000
9,0,75,75,-1,0,0.000000,0.000000,0.000000
,0,0,0,0,0,0.000000,0.000000,0.000000
,0,0,0,0,0,0.000000,0.000000,0.000000
,0,0,0,0,0,0.000000,0.000000,0.000000
,0,0,0,0,0,0.000000,0.000000,0.000000
,0,0,0,0,0,0.000000,0.000000,0.000000
,0,0,0,0,0,0.000000,0.000000,0.000000
,0,0,0,0,0,0.000000,0.000000,0.000000
,0,0,0,0,0,0.000000,0.000000,0.000000
,0,0,0,0,0,0.000000,0.000000,0.000000
9.05,0,75,75,-1,0,0.000000,0.000000,0.000000
,0,0,0,0,0,0.000000,0.000000,0.000000
,0,0,0,0,0,0.000000,0.000000,0.000000
,0,0,0,0,0,0.000000,0.000000,0.000000
,0,0,0,0,0,0.000000,0.000000,0.000000
,0,0,0,0,0,0.000000,0.000000,0.000000
,0,0,0,0,0,0.000000,0.000000,0.000000
,0,0,0,0,0,0.000000,0.000000,0.000000
,0,0,0,0,0,0.000000,0.000000,0.000000
,0,0,0,0,0,0.000000,0.000000,0.000000
9.1,0,75,75,-1,0,0.000000,0.000000,0.000000
,0,0,0,0,0,0.000000,0.000000,0.000000
,0,0,0,0,0,0.000000,0.000000,0.000000
,0,0,0,0,0,0.000000,0.000000,0.000000
,0,0,0,0,0,0.000000,0.000000,0.000000
,0,0,0,0,0,0.000000,0.000000,0.000000
,0,0,0,0,0,0.000000,0.000000,0.000000
,0,0,0,0,0,0.000000,0.000000,0.000000
,0,0,0,0,0,0.000000,0.000000,0.000000
,0,0,0,0,0,0.000000,0.000000,0.000000
9.15,0,76,76,-1,0,0.089939,0.000000,0.014728
,0,0,0,0,0,0.000000,0.000000,0.000000
,0,0,0,0,0,0.000000,0.000000,0.000000
,0,0,0,0,0,0.000000,0.000000,0.000000
,0,0,0,0,0,0.000000,0.000000,0.000000
,0,0,0,0,0,0.000000,0.000000,0.000000
,0,0,0,0,0,0.000000,0.000000,0.000000
,0,0,0,0,0,0.000000,0.000000,0.000000
,0,0,0,0,0,0.000000,0.000000,0.000000
,0,0,0,0,0,0.000000,0.000000,0.000000
9.2,0,76,76,-1,0,0.000000,0.000000,0.000000
,0,0,0,0,0,0.000000,0.000000,0.000000
,0,0,0,0,0,0.000000,0.000000,0.000000
,0,0,0,0,0,0.000000,0.000000,0.000000
,0,0,0,0,0,0.000000,0.000000,0.000000
,0,0,0,0,0,0.000000,0.000000,0.000000
,0,0,0,0,0,0.000000,0.000000,0.000000
,0,0,0,0,0,0.000000,0.000000,0.000000
,0,0,0,0,0,0.000000,0.000000,0.000000
,0,0,0,0,0,0.000000,0.000000,0.000000
9.25,0,78,78,-1,0,0.209884,0.000000,0.020781
,0,0,0,0,0,0.000000,0.000000,0.000000
,0,0,0,0,0,0.000000,0.000000,0.000000
,0,0,0,0,0,0.000000,0.000000,0.000000
,0,0,0,0,0,0.000000,0.000000,0.000000
,0,0,0,0,0,0.000000,0.000000,0.000000
,0,0,0,0,0,0.000000,0.000000,0.000000
,0,0,0,0,0,0.000000,0.000000,0.000000
,0,0,0,0,0,0.000000,0.000000,0.000000
,0,0,0,0,0,0.000000,0.000000,0.000000
9.3,0,79,79,-1,0,0.119112,0.000000,0.016735
,0,0,0,0,0,0.000000,0.000000,0.000000
,0,0,0,0,0,0.000000,0.000000,0.000000
,0,0,0,0,0,0.000000,0.000000,0.000000
,0,0,0,0,0,0.000000,0.000000,0.000000
,0,0,0,0,0,0.000000,0.000000,0.000000
,0,0,0,0,0,0.000000,0.000000,0.000000
,0,0,0,0,0,0.000000,0.000000,0.000000
,0,0,0,0,0,0.000000,0.000000,0.000000
,0,0,0,0,0,0.000000,0.000000,0.000000
9.35,0,79,79,-1,0,0.000000,0.000000,0.000000
,0,0,0,0,0,0.000000,0.000000,0.000000
,0,0,0,0,0,0.000000,0.000000,0.000000
,0,0,0,0,0,0.000000,0.000000,0.000000
,0,0,0,0,0,0.000000,0.000000,0.000000
,0,0,0,0,0,0.000000,0.000000,0.000000
,0,0,0,0,0,0.000000,0.000000,0.000000
,0,0,0,0,0,0.000000,0.000000,0.000000
,0,0,0,0,0,0.000000,0.000000,0.000000
,0,0,0,0,0,0.000000,0.000000,0.000000
9.4,0,79,79,-1,0,0.000000,0.000000,0.000000
,0,0,0,0,0,0.000000,0.000000,0.000000
,0,0,0,0,0,0.000000,0.000000,0.000000
,0,0,0,0,0,0.000000,0.000000,0.000000
,0,0,0,0,0,0.000000,0.000000,0.000000
,0,0,0,0,0,0.000000,0.000000,0.000000
,0,0,0,0,0,0.000000,0.000000,0.000000
,0,0,0,0,0,0.000000,0.000000,0.000000
,0,0,0,0,0,0.000000,0.000000,0.000000
,0,0,0,0,0,0.000000,0.000000,0.000000
9.45,0,81,81,-1,0,0.035809,0.000000,0.008150
,0,0,0,0,0,0.000000,0.000000,0.000000
,0,0,0,0,0,0.000000,0.000000,0.000000
,0,0,0,0,0,0.000000,0.000000,0.000000
,0,0,0,0,0,0.000000,0.000000,0.000000
,0,0,0,0,0,0.000000,0.000000,0.000000
,0,0,0,0,0,0.000000,0.000000,0.000000
,0,0,0,0,0,0.000000,0.000000,0.000000
,0,0,0,0,0,0.000000,0.000000,0.000000
,0,0,0,0,0,0.000000,0.000000,0.000000
9.5,0,81,81,-1,0,0.000000,0.000000,0.000000
,0,0,0,0,0,0.000000,0.000000,0.000000
,0,0,0,0,0,0.000000,0.000000,0.000000
,0,0,0,0,0,0.000000,0.000000,0.000000
,0,0,0,0,0,0.000000,0.000000,0.000000
,0,0,0,0,0,0.000000,0.000000,0.000000
,0,0,0,0,0,0.000000,0.000000,0.000000
,0,0,0,0,0,0.000000,0.000000,0.000000
,0,0,0,0,0,0.000000,0.000000,0.000000
,0,0,0,0,0,0.000000,0.000000,0.000000
9.55,0,81,81,-1,0,0.000000,0.000000,0.000000
,0,0,0,0,0,0.000000,0.000000,0.000000
,0,0,0,0,0,0.000000,0.000000,0.000000
,0,0,0,0,0,0.000000,0.000000,0.000000
,0,0,0,0,0,0.000000,0.000000,0.000000
,0,0,0,0,0,0.000000,0.000000,0.000000
,0,0,0,0,0,0.000000,0.000000,0.000000
,0,0,0,0,0,0.000000,0.000000,0.000000
,0,0,0,0,0,0.000000,0.000000,0.000000
,0,0,0,0,0,0.000000,0.000000,0.000000
9.6,0,83,83,-1,0,0.056116,0.000000,0.011359
,0,0,0,0,0,0.000000,0.000000,0.000000
,0,0,0,0,0,0.000000,0.000000,0.000000
,0,0,0,0,0,0.000000,0.000000,0.000000
,0,0,0,0,0,0.000000,0.000000,0.000000
,0,0,0,0,0,0.000000,0.000000,0.000000
,0,0,0,0,0,0.000000,0.000000,0.000000
,0,0,0,0,0,0.000000,0.000000,0.000000
,0,0,0,0,0,0.000000,0.000000,0.000000
,0,0,0,0,0,0.000000,0.000000,0.000000
9.65,0,85,85,-1,0,0.070806,0.000000,0.013020
,0,0,0,0,0,0.000000,0.000000,0.000000
,0,0,0,0,0,0.000000,0.000000,0.000000
,0,0,0,0,0,0.000000,0.000000,0.000000
,0,0,0,0,0,0.000000,0.000000,0.000000
,0,0,0,0,0,0.000000,0.000000,0.000000
,0,0,0,0,0,0.000000,0.000000,0.000000
,0,0,0,0,0,0.000000,0.000000,0.000000
,0,0,0,0,0,0.000000,0.000000,0.000000
,0,0,0,0,0,0.000000,0.000000,0.000000
9.7,0,86,86,-1,0,0.482906,0.000000,0.026733
,0,0,0,0,0,0.000000,0.000000,0.000000
,0,0,0,0,0,0.000000,0.000000,0.000000
,0,0,0,0,0,0.000000,0.000000,0.000000
,0,0,0,0,0,0.000000,0.000000,0.000000
,0,0,0,0,0,0.000000,0.000000,0.000000
,0,0,0,0,0,0.000000,0.000000,0.000000
,0,0,0,0,0,0.000000,0.000000,0.000000
,0,0,0,0,0,0.000000,0.000000,0.000000
,0,0,0,0,0,0.000000,0.000000,0.000000
9.75,0,88,88,-1,0,0.028284,0.000000,0.006465
,0,0,0,0,0,0.000000,0.000000,0.000000
,0,0,0,0,0,0.000000,0.000000,0.000000
,0,0,0,0,0,0.000000,0.000000,0.000000
,0,0,0,0,0,0.000000,0.000000,0.000000
,0,0,0,0,0,0.000000,0.000000,0.000000
,0,0,0,0,0,0.000000,0.000000,0.000000
,0,0,0,0,0,0.000000,0.000000,0.000000
,0,0,0,0,0,0.000000,0.000000,0.000000
,0,0,0,0,0,0.000000,0.000000,0.000000
9.8,0,88,88,-1,0,0.000000,0.000000,0.000000
,0,0,0,0,0,0.000000,0.000000,0.000000
,0,0,0,0,0,0.000000,0.000000,0.000000
,0,0,0,0,0,0.000000,0.000000,0.000000
,0,0,0,0,0,0.000000,0.000000,0.000000
,0,0,0,0,0,0.000000,0.000000,0.000000
,0,0,0,0,0,0.000000,0.000000,0.000000
,0,0,0,0,0,0.000000,0.000000,0.000000
,0,0,0,0,0,0.000000,0.000000,0.000000
,0,0,0,0,0,0.000000,0.000000,0.000000
9.85,0,88,88,-1,0,0.000000,0.000000,0.000000
,0,0,0,0,0,0.000000,0.000000,0.000000
,0,0,0,0,0,0.000000,0.000000,0.000000
,0,0,0,0,0,0.000000,0.000000,0.000000
,0,0,0,0,0,0.000000,0.000000,0.000000
,0,0,0,0,0,0.000000,0.000000,0.000000
,0,0,0,0,0,0.000000,0.000000,0.000000
,0,0,0,0,0,0.000000,0.000000,0.000000
,0,0,0,0,0,0.000000,0.000000,0.000000
,0,0,0,0,0,0.000000,0.000000,0.000000
9.9,0,90,90,-1,0,0.119854,0.000000,0.016779
,0,0,0,0,0,0.000000,0.000000,0.000000
,0,0,0,0,0,0.000000,0.000000,0.000000
,0,0,0,0,0,0.000000,0.000000,0.000000
,0,0,0,0,0,0.000000,0.000000,0.000000
,0,0,0,0,0,0.000000,0.000000,0.000000
,0,0,0,0,0,0.000000,0.000000,0.000000
,0,0,0,0,0,0.000000,0.000000,0.000000
,0,0,0,0,0,0.000000,0.000000,0.000000
,0,0,0,0,0,0.000000,0.000000,0.000000
9.95,0,90,90,-1,0,0.000000,0.000000,0.000000
,0,0,0,0,0,0.000000,0.000000,0.000000
,0,0,0,0,0,0.000000,0.000000,0.000000
,0,0,0,0,0,0.000000,0.000000,0.000000
,0,0,0,0,0,0.000000,0.000000,0.000000
,0,0,0,0,0,0.000000,0.000000,0.000000
,0,0,0,0,0,0.000000,0.000000,0.000000
,0,0,0,0,0,0.000000,0.000000,0.000000
,0,0,0,0,0,0.000000,0.000000,0.000000
,0,0,0,0,0,0.000000,0.000000,0.000000
10,0,91,91,-1,0,0.088032,0.000000,0.014575
,0,0,0,0,0,0.000000,0.000000,0.000000
,0,0,0,0,0,0.000000,0.000000,0.000000
,0,0,0,0,0,0.000000,0.000000,0.000000
,0,0,0,0,0,0.000000,0.000000,0.000000
,0,0,0,0,0,0.000000,0.000000,0.000000
,0,0,0,0,0,0.000000,0.000000,0.000000
,0,0,0,0,0,0.000000,0.000000,0.000000
,0,0,0,0,0,0.000000,0.000000,0.000000
,0,0,0,0,0,0.000000,0.000000,0.000000
10.05,0,92,92,-1,0,0.051597,0.000000,0.010759
,0,0,0,0,0,0.000000,0.000000,0.000000
,0,0,0,0,0,0.000000,0.000000,0.000000
,0,0,0,0,0,0.000000,0.000000,0.000000
,0,0,0,0,0,0.000000,0.000000,0.000000
,0,0,0,0,0,0.000000,0.000000,0.000000
,0,0,0,0,0,0.000000,0.000000,0.000000
,0,0,0,0,0,0.000000,0.000000,0.000000
,0,0,0,0,0,0.000000,0.000000,0.000000
,0,0,0,0,0,0.000000,0.000000,0.000000
10.1,0,92,92,-1,0,0.000000,0.000000,0.000000
,0,0,0,0,0,0.000000,0.000000,0.000000
,0,0,0,0,0,0.000000,0.000000,0.000000
,0,0,0,0,0,0.000000,0.000000,0.000000
,0,0,0,0,0,0.000000,0.000000,0.000000
,0,0,0,0,0,0.000000,0.000000,0.000000
,0,0,0,0,0,0.000000,0.000000,0.000000
,0,0,0,0,0,0.000000,0.000000,0.000000
,0,0,0,0,0,0.000000,0.000000,0.000000
,0,0,0,0,0,0.000000,0.000000,0.000000
10.15,0,94,94,-1,0,0.118927,0.000000,0.016724
,0,0,0,0,0,0.000000,0.000000,0.000000
,0,0,0,0,0,0.000000,0.000000,0.000000
,0,0,0,0,0,0.000000,0.000000,0.000000
,0,0,0,0,0,0.000000,0.000000,0.000000
,0,0,0,0,0,0.000000,0.000000,0.000000
,0,0,0,0,0,0.000000,0.000000,0.000000
,0,0,0,0,0,0.000000,0.000000,0.000000
,0,0,0,0,0,0.000000,0.000000,0.000000
,0,0,0,0,0,0.000000,0.000000,0.000000
10.2,0,95,95,-1,0,0.401190,0.000000,0.025409
,0,0,0,0,0,0.000000,0.000000,0.000000
,0,0,0,0,0,0.000000,0.000000,0.000000
,0,0,0,0,0,0.000000,0.000000,0.000000
,0,0,0,0,0,0.000000,0.000000,0.000000
,0,0,0,0,0,0.000000,0.000000,0.000000
,0,0,0,0,0,0.000000,0.000000,0.000000
,0,0,0,0,0,0.000000,0.000000,0.000000
,0,0,0,0,0,0.000000,0.000000,0.000000
,0,0,0,0,0,0.000000,0.000000,0.000000
10.25,0,97,97,-1,0,0.083290,0.000000,0.014180
,0,0,0,0,0,0.000000,0.000000,0.000000
,0,0,0,0,0,0.000000,0.000000,0.000000
,0,0,0,0,0,0.000000,0.000000,0.000000
,0,0,0,0,0,0.000000,0.000000,0.000000
,0,0,0,0,0,0.000000,0.000000,0.000000
,0,0,0,0,0,0.000000,0.000000,0.000000
,0,0,0,0,0,0.000000,0.000000,0.000000
,0,0,0,0,0,0.000000,0.000000,0.000000
,0,0,0,0,0,0.000000,0.000000,0.000000
10.3,0,98,98,-1,0,0.187279,0.000000,0.019967
,0,0,0,0,0,0.000000,0.000000,0.000000
,0,0,0,0,0,0.000000,0.000000,0.000000
,0,0,0,0,0,0.000000,0.000000,0.000000
,0,0,0,0,0,0.000000,0.000000,0.000000
,0,0,0,0,0,0.000000,0.000000,0.000000
,0,0,0,0,0,0.000000,0.000000,0.000000
,0,0,0,0,0,0.000000,0.000000,0.000000
,0,0,0,0,0,0.000000,0.000000,0.000000
,0,0,0,0,0,0.000000,0.000000,0.000000
10.35,0,98,98,-1,0,0.000000,0.000000,0.000000
,0,0,0,0,0,0.000000,0.000000,0.000000
,0,0,0,0,0,0.000000,0.000000,0.000000
,0,0,0,0,0,0.000000,0.000000,0.000000
,0,0,0,0,0,0.000000,0.000000,0.000000
,0,0,0,0,0,0.000000,0.000000,0.000000
,0,0,0,0,0,0.000000,0.000000,0.000000
,0,0,0,0,0,0.000000,0.000000,0.000000
,0,0,0,0,0,0.000000,0.000000,0.000000
,0,0,0,0,0,0.000000,0.000000,0.000000
10.4,0,99,99,-1,0,0.059078,0.000000,0.011726
,0,0,0,0,0,0.000000,0.000000,0.000000
,0,0,0,0,0,0.000000,0.000000,0.000000
,0,0,0,0,0,0.000000,0.000000,0.000000
,0,0,0,0,0,0.000000,0.000000,0.000000
,0,0,0,0,0,0.000000,0.000000,0.000000
,0,0,0,0,0,0.000000,0.000000,0.000000
,0,0,0,0,0,0.000000,0.000000,0.000000
,0,0,0,0,0,0.000000,0.000000,0.000000
,0,0,0,0,0,0.000000,0.000000,0.000000
10.45,0,101,101,-1,0,0.092175,0.000000,0.014904
,0,0,0,0,0,0.000000,0.000000,0.000000
,0,0,0,0,0,0.000000,0.000000,0.000000
,0,0,0,0,0,0.000000,0.000000,0.000000
,0,0,0,0,0,0.000000,0.000000,0.000000
,0,0,0,0,0,0.000000,0.000000,0.000000
,0,0,0,0,0,0.000000,0.000000,0.000000
,0,0,0,0,0,0.000000,0.000000,0.000000
,0,0,0,0,0,0.000000,0.000000,0.000000
,0,0,0,0,0,0.000000,0.000000,0.000000
10.5,0,103,103,-1,0,0.040181,0.000000,0.008973
,0,0,0,0,0,0.000000,0.000000,0.000000
,0,0,0,0,0,0.000000,0.000000,0.000000
,0,0,0,0,0,0.000000,0.000000,0.000000
,0,0,0,0,0,0.000000,0.000000,0.000000
,0,0,0,0,0,0.000000,0.000000,0.000000
,0,0,0,0,0,0.000000,0.000000,0.000000
,0,0,0,0,0,0.000000,0.000000,0.000000
,0,0,0,0,0,0.000000,0.000000,0.000000
,0,0,0,0,0,0.000000,0.000000,0.000000
10.55,0,103,103,-1,0,0.000000,0.000000,0.000000
,0,0,0,0,0,0.000000,0.000000,0.000000
,0,0,0,0,0,0.000000,0.000000,0.000000
,0,0,0,0,0,0.000000,0.000000,0.000000
,0,0,0,0,0,0.000000,0.000000,0.000000
,0,0,0,0,0,0.000000,0.000000,0.000000
,0,0,0,0,0,0.000000,0.000000,0.000000
,0,0,0,0,0,0.000000,0.000000,0.000000
,0,0,0,0,0,0.000000,0.000000,0.000000
,0,0,0,0,0,0.000000,0.000000,0.000000
10.6,0,103,103,-1,0,0.000000,0.000000,0.000000
,0,0,0,0,0,0.000000,0.000000,0.000000
,0,0,0,0,0,0.000000,0.000000,0.000000
,0,0,0,0,0,0.000000,0.000000,0.000000
,0,0,0,0,0,0.000000,0.000000,0.000000
,0,0,0,0,0,0.000000,0.000000,0.000000
,0,0,0,0,0,0.000000,0.000000,0.000000
,0,0,0,0,0,0.000000,0.000000,0.000000
,0,0,0,0,0,0.000000,0.000000,0.000000
,0,0,0,0,0,0.000000,0.000000,0.000000
10.65,0,104,104,-1,0,0.080607,0.000000,0.013946
,0,0,0,0,0,0.000000,0.000000,0.000000
,0,0,0,0,0,0.000000,0.000000,0.000000
,0,0,0,0,0,0.000000,0.000000,0.000000
,0,0,0,0,0,0.000000,0.000000,0.000000
,0,0,0,0,0,0.000000,0.000000,0.000000
,0,0,0,0,0,0.000000,0.000000,0.000000
,0,0,0,0,0,0.000000,0.000000,0.000000
,0,0,0,0,0,0.000000,0.000000,0.000000
,0,0,0,0,0,0.000000,0.000000,0.000000
10.7,0,106,106,-1,0,0.090215,0.000000,0.014750
,0,0,0,0,0,0.000000,0.000000,0.000000
,0,0,0,0,0,0.000000,0.000000,0.000000
,0,0,0,0,0,0.000000,0.000000,0.000000
,0,0,0,0,0,0.000000,0.000000,0.000000
,0,0,0,0,0,0.000000,0.000000,0.000000
,0,0,0,0,0,0.000000,0.000000,0.000000
,0,0,0,0,0,0.000000,0.000000,0.000000
,0,0,0,0,0,0.000000,0.000000,0.000000
,0,0,0,0,0,0.000000,0.000000,0.000000
10.75,0,108,108,-1,0,0.059473,0.000000,0.011774
,0,0,0,0,0,0.000000,0.000000,0.000000
,0,0,0,0,0,0.000000,0.000000,0.000000
,0,0,0,0,0,0.000000,0.000000,0.000000
,0,0,0,0,0,0.000000,0.000000,0.000000
,0,0,0,0,0,0.000000,0.000000,0.000000
,0,0,0,0,0,0.000000,0.000000,0.000000
,0,0,0,0,0,0.000000,0.000000,0.000000
,0,0,0,0,0,0.000000,0.000000,0.000000
,0,0,0,0,0,0.000000,0.000000,0.000000
10.8,0,110,110,-1,0,0.082903,0.000000,0.014146
,0,0,0,0,0,0.000000,0.000000,0.000000
,0,0,0,0,0,0.000000,0.000000,0.000000
,0,0,0,0,0,0.000000,0.000000,0.000000
,0,0,0,0,0,0.000000,0.000000,0.000000
,0,0,0,0,0,0.000000,0.000000,0.000000
,0,0,0,0,0,0.000000,0.000000,0.000000
,0,0,0,0,0,0.000000,0.000000,0.000000
,0,0,0,0,0,0.000000,0.000000,0.000000
,0,0,0,0,0,0.000000,0.000000,0.000000
10.85,0,110,110,-1,0,0.000000,0.000000,0.000000
,0,0,0,0,0,0.000000,0.000000,0.000000
,0,0,0,0,0,0.000000,0.000000,0.000000
,0,0,0,0,0,0.000000,0.000000,0.000000
,0,0,0,0,0,0.000000,0.000000,0.000000
,0,0,0,0,0,0.000000,0.000000,0.000000
,0,0,0,0,0,0.000000,0.000000,0.000000
,0,0,0,0,0,0.000000,0.000000,0.000000
,0,0,0,0,0,0.000000,0.000000,0.000000
,0,0,0,0,0,0.000000,0.000000,0.000000
10.9,0,113,113,-1,0,0.088207,0.000000,0.014589
,0,0,0,0,0,0.000000,0.000000,0.000000
,0,0,0,0,0,0.000000,0.000000,0.000000
,0,0,0,0,0,0.000000,0.000000,0.000000
,0,0,0,0,0,0.000000,0.000000,0.000000
,0,0,0,0,0,0.000000,0.000000,0.000000
,0,0,0,0,0,0.000000,0.000000,0.000000
,0,0,0,0,0,0.000000,0.000000,0.000000
,0,0,0,0,0,0.000000,0.000000,0.000000
,0,0,0,0,0,0.000000,0.000000,0.000000
10.95,0,114,114,-1,0,0.033210,0.000000,0.007612
,0,0,0,0,0,0.000000,0.000000,0.000000
,0,0,0,0,0,0.000000,0.000000,0.000000
,0,0,0,0,0,0.000000,0.000000,0.000000
,0,0,0,0,0,0.000000,0.000000,0.000000
,0,0,0,0,0,0.000000,0.000000,0.000000
,0,0,0,0,0,0.000000,0.000000,0.000000
,0,0,0,0,0,0.000000,0.000000,0.000000
,0,0,0,0,0,0.000000,0.000000,0.000000
,0,0,0,0,0,0.000000,0.000000,0.000000
11,0,115,115,-1,0,0.030970,0.000000,0.007113
,0,0,0,0,0,0.000000,0.000000,0.000000
,0,0,0,0,0,0.000000,0.000000,0.000000
,0,0,0,0,0,0.000000,0.000000,0.000000
,0,0,0,0,0,0.000000,0.000000,0.000000
,0,0,0,0,0,0.000000,0.000000,0.000000
,0,0,0,0,0,0.000000,0.000000,0.000000
,0,0,0,0,0,0.000000,0.000000,0.000000
,0,0,0,0,0,0.000000,0.000000,0.000000
,0,0,0,0,0,0.000000,0.000000,0.000000
11.05,0,115,115,-1,0,0.000000,0.000000,0.000000
,0,0,0,0,0,0.000000,0.000000,0.000000
,0,0,0,0,0,0.000000,0.000000,0.000000
,0,0,0,0,0,0.000000,0.000000,0.000000
,0,0,0,0,0,0.000000,0.000000,0.000000
,0,0,0,0,0,0.000000,0.000000,0.000000
,0,0,0,0,0,0.000000,0.000000,0.000000
,0,0,0,0,0,0.000000,0.000000,0.000000
,0,0,0,0,0,0.000000,0.000000,0.000000
,0,0,0,0,0,0.000000,0.000000,0.000000
11.1,0,116,116,-1,0,0.110860,0.000000,0.016222
,0,0,0,0,0,0.000000,0.000000,0.000000
,0,0,0,0,0,0.000000,0.000000,0.000000
,0,0,0,0,0,0.000000,0.000000,0.000000
,0,0,0,0,0,0.000000,0.000000,0.000000
,0,0,0,0,0,0.000000,0.000000,0.000000
,0,0,0,0,0,0.000000,0.000000,0.000000
,0,0,0,0,0,0.000000,0.000000,0.000000
,0,0,0,0,0,0.000000,0.000000,0.000000
,0,0,0,0,0,0.000000,0.000000,0.000000
11.15,0,117,117,-1,0,0.134252,0.000000,0.017590
,0,0,0,0,0,0.000000,0.000000,0.000000
,0,0,0,0,0,0.000000,0.000000,0.000000
,0,0,0,0,0,0.000000,0.000000,0.000000
,0,0,0,0,0,0.000000,0.000000,0.000000
,0,0,0,0,0,0.000000,0.000000,0.000000
,0,0,0,0,0,0.000000,0.000000,0.000000
,0,0,0,0,0,0.000000,0.000000,0.000000
,0,0,0,0,0,0.000000,0.000000,0.000000
,0,0,0,0,0,0.000000,0.000000,0.000000
11.2,0,121,121,-1,0,0.243347,0.000000,0.021838
,0,0,0,0,0,0.000000,0.000000,0.000000
,0,0,0,0,0,0.000000,0.000000,0.000000
,0,0,0,0,0,0.000000,0.000000,0.000000
,0,0,0,0,0,0.000000,0.000000,0.000000
,0,0,0,0,0,0.000000,0.000000,0.000000
,0,0,0,0,0,0.000000,0.000000,0.000000
,0,0,0,0,0,0.000000,0.000000,0.000000
,0,0,0,0,0,0.000000,0.000000,0.000000
,0,0,0,0,0,0.000000,0.000000,0.000000
11.25,0,121,121,-1,0,0.000000,0.000000,0.000000
,0,0,0,0,0,0.000000,0.000000,0.000000
,0,0,0,0,0,0.000000,0.000000,0.000000
,0,0,0,0,0,0.000000,0.000000,0.000000
,0,0,0,0,0,0.000000,0.000000,0.000000
,0,0,0,0,0,0.000000,0.000000,0.000000
,0,0,0,0,0,0.000000,0.000000,0.000000
,0,0,0,0,0,0.000000,0.000000,0.000000
,0,0,0,0,0,0.000000,0.000000,0.000000
,0,0,0,0,0,0.000000,0.000000,0.000000
11.3,0,122,122,-1,0,0.219706,0.000000,0.021108
,0,0,0,0,0,0.000000,0.000000,0.000000
,0,0,0,0,0,0.000000,0.000000,0.000000
,0,0,0,0,0,0.000000,0.000000,0.000000
,0,0,0,0,0,0.000000,0.000000,0.000000
,0,0,0,0,0,0.000000,0.000000,0.000000
,0,0,0,0,0,0.000000,0.000000,0.000000
,0,0,0,0,0,0.000000,0.000000,0.000000
,0,0,0,0,0,0.000000,0.000000,0.000000
,0,0,0,0,0,0.000000,0.000000,0.000000
11.35,0,125,125,-1,0,0.060560,0.000000,0.011903
,0,0,0,0,0,0.000000,0.000000,0.000000
,0,0,0,0,0,0.000000,0.000000,0.000000
,0,0,0,0,0,0.000000,0.000000,0.000000
,0,0,0,0,0,0.000000,0.000000,0.000000
,0,0,0,0,0,0.000000,0.000000,0.000000
,0,0,0,0,0,0.000000,0.000000,0.000000
,0,0,0,0,0,0.000000,0.000000,0.000000
,0,0,0,0,0,0.000000,0.000000,0.000000
,0,0,0,0,0,0.000000,0.000000,0.000000
11.4,0,126,126,-1,0,0.088437,0.000000,0.014608
,0,0,0,0,0,0.000000,0.000000,0.000000
,0,0,0,0,0,0.000000,0.000000,0.000000
,0,0,0,0,0,0.000000,0.000000,0.000000
,0,0,0,0,0,0.000000,0.000000,0.000000
,0,0,0,0,0,0.000000,0.000000,0.000000
,0,0,0,0,0,0.000000,0.000000,0.000000
,0,0,0,0,0,0.000000,0.000000,0.000000
,0,0,0,0,0,0.000000,0.000000,0.000000
,0,0,0,0,0,0.000000,0.000000,0.000000
11.45,0,127,127,-1,0,0.106184,0.000000,0.015914
,0,0,0,0,0,0.000000,0.000000,0.000000
,0,0,0,0,0,0.000000,0.000000,0.000000
,0,0,0,0,0,0.000000,0.000000,0.000000
,0,0,0,0,0,0.000000,0.000000,0.000000
,0,0,0,0,0,0.000000,0.000000,0.000000
,0,0,0,0,0,0.000000,0.000000,0.000000
,0,0,0,0,0,0.000000,0.000000,0.000000
,0,0,0,0,0,0.000000,0.000000,0.000000
,0,0,0,0,0,0.000000,0.000000,0.000000
11.5,0,128,128,-1,0,0.135420,0.000000,0.017652
,0,0,0,0,0,0.000000,0.000000,0.000000
,0,0,0,0,0,0.000000,0.000000,0.000000
,0,0,0,0,0,0.000000,0.000000,0.000000
,0,0,0,0,0,0.000000,0.000000,0.000000
,0,0,0,0,0,0.000000,0.000000,0.000000
,0,0,0,0,0,0.000000,0.000000,0.000000
,0,0,0,0,0,0.000000,0.000000,0.000000
,0,0,0,0,0,0.000000,0.000000,0.000000
,0,0,0,0,0,0.000000,0.000000,0.000000
11.55,0,128,128,-1,0,0.000000,0.000000,0.000000
,0,0,0,0,0,0.000000,0.000000,0.000000
,0,0,0,0,0,0.000000,0.000000,0.000000
,0,0,0,0,0,0.000000,0.000000,0.000000
,0,0,0,0,0,0.000000,0.000000,0.000000
,0,0,0,0,0,0.000000,0.000000,0.000000
,0,0,0,0,0,0.000000,0.000000,0.000000
,0,0,0,0,0,0.000000,0.000000,0.000000
,0,0,0,0,0,0.000000,0.000000,0.000000
,0,0,0,0,0,0.000000,0.000000,0.000000
11.6,0,131,131,-1,0,0.123322,0.000000,0.016983
,0,0,0,0,0,0.000000,0.000000,0.000000
,0,0,0,0,0,0.000000,0.000000,0.000000
,0,0,0,0,0,0.000000,0.000000,0.000000
,0,0,0,0,0,0.000000,0.000000,0.000000
,0,0,0,0,0,0.000000,0.000000,0.000000
,0,0,0,0,0,0.000000,0.000000,0.000000
,0,0,0,0,0,0.000000,0.000000,0.000000
,0,0,0,0,0,0.000000,0.000000,0.000000
,0,0,0,0,0,0.000000,0.000000,0.000000
11.65,0,133,133,-1,0,0.231977,0.000000,0.021496
,0,0,0,0,0,0.000000,0.000000,0.000000
,0,0,0,0,0,0.000000,0.000000,0.000000
,0,0,0,0,0,0.000000,0.000000,0.000000
,0,0,0,0,0,0.000000,0.000000,0.000000
,0,0,0,0,0,0.000000,0.000000,0.000000
,0,0,0,0,0,0.000000,0.000000,0.000000
,0,0,0,0,0,0.000000,0.000000,0.000000
,0,0,0,0,0,0.000000,0.000000,0.000000
,0,0,0,0,0,0.000000,0.000000,0.000000
11.7,0,134,134,-1,0,0.068353,0.000000,0.012768
,0,0,0,0,0,0.000000,0.000000,0.000000
,0,0,0,0,0,0.000000,0.000000,0.000000
,0,0,0,0,0,0.000000,0.000000,0.000000
,0,0,0,0,0,0.000000,0.000000,0.000000
,0,0,0,0,0,0.000000,0.000000,0.000000
,0,0,0,0,0,0.000000,0.000000,0.000000
,0,0,0,0,0,0.000000,0.000000,0.000000
,0,0,0,0,0,0.000000,0.000000,0.000000
,0,0,0,0,0,0.000000,0.000000,0.000000
11.75,0,134,134,-1,0,0.000000,0.000000,0.000000
,0,0,0,0,0,0.000000,0.000000,0.000000
,0,0,0,0,0,0.000000,0.000000,0.000000
,0,0,0,0,0,0.000000,0.000000,0.000000
,0,0,0,0,0,0.000000,0.000000,0.000000
,0,0,0,0,0,0.000000,0.000000,0.000000
,0,0,0,0,0,0.000000,0.000000,0.000000
,0,0,0,0,0,0.000000,0.000000,0.000000
,0,0,0,0,0,0.000000,0.000000,0.000000
,0,0,0,0,0,0.000000,0.000000,0.000000
11.8,0,135,135,-1,0,0.076885,0.000000,0.013608
,0,0,0,0,0,0.000000,0.000000,0.000000
,0,0,0,0,0,0.000000,0.000000,0.000000
,0,0,0,0,0,0.000000,0.000000,0.000000
,0,0,0,0,0,0.000000,0.000000,0.000000
,0,0,0,0,0,0.000000,0.000000,0.000000
,0,0,0,0,0,0.000000,0.000000,0.000000
,0,0,0,0,0,0.000000,0.000000,0.000000
,0,0,0,0,0,0.000000,0.000000,0.000000
,0,0,0,0,0,0.000000,0.000000,0.000000
11.85,0,136,136,-1,0,0.076633,0.000000,0.013585
,0,0,0,0,0,0.000000,0.000000,0.000000
,0,0,0,0,0,0.000000,0.000000,0.000000
,0,0,0,0,0,0.000000,0.000000,0.000000
,0,0,0,0,0,0.000000,0.000000,0.000000
,0,0,0,0,0,0.000000,0.000000,0.000000
,0,0,0,0,0,0.000000,0.000000,0.000000
,0,0,0,0,0,0.000000,0.000000,0.000000
,0,0,0,0,0,0.000000,0.000000,0.000000
,0,0,0,0,0,0.000000,0.000000,0.000000
11.9,0,137,137,-1,0,0.092065,0.000000,0.014895
,0,0,0,0,0,0.000000,0.000000,0.000000
,0,0,0,0,0,0.000000,0.000000,0.000000
,0,0,0,0,0,0.000000,0.000000,0.000000
,0,0,0,0,0,0.000000,0.000000,0.000000
,0,0,0,0,0,0.000000,0.000000,0.000000
,0,0,0,0,0,0.000000,0.000000,0.000000
,0,0,0,0,0,0.000000,0.000000,0.000000
,0,0,0,0,0,0.000000,0.000000,0.000000
,0,0,0,0,0,0.000000,0.000000,0.000000
11.95,0,141,141,-1,0,0.209169,0.000000,0.020757
,0,0,0,0,0,0.000000,0.000000,0.000000
,0,0,0,0,0,0.000000,0.000000,0.000000
,0,0,0,0,0,0.000000,0.000000,0.000000
,0,0,0,0,0,0.000000,0.000000,0.000000
,0,0,0,0,0,0.000000,0.000000,0.000000
,0,0,0,0,0,0.000000,0.000000,0.000000
,0,0,0,0,0,0.000000,0.000000,0.000000
,0,0,0,0,0,0.000000,0.000000,0.000000
,0,0,0,0,0,0.000000,0.000000,0.000000
12,0,141,141,-1,0,0.000000,0.000000,0.000000
,0,0,0,0,0,0.000000,0.000000,0.000000
,0,0,0,0,0,0.000000,0.000000,0.000000
,0,0,0,0,0,0.000000,0.000000,0.000000
,0,0,0,0,0,0.000000,0.000000,0.000000
,0,0,0,0,0,0.000000,0.000000,0.000000
,0,0,0,0,0,0.000000,0.000000,0.000000
,0,0,0,0,0,0.000000,0.000000,0.000000
,0,0,0,0,0,0.000000,0.000000,0.000000
,0,0,0,0,0,0.000000,0.000000,0.000000
12.05,0,142,142,-1,0,0.149905,0.000000,0.018377
,0,0,0,0,0,0.000000,0.000000,0.000000
,0,0,0,0,0,0.000000,0.000000,0.000000
,0,0,0,0,0,0.000000,0.000000,0.000000
,0,0,0,0,0,0.000000,0.000000,0.000000
,0,0,0,0,0,0.000000,0.000000,0.000000
,0,0,0,0,0,0.000000,0.000000,0.000000
,0,0,0,0,0,0.000000,0.000000,0.000000
,0,0,0,0,0,0.000000,0.000000,0.000000
,0,0,0,0,0,0.000000,0.000000,0.000000
