time, tCompleted, tStarted, tForwarded, currentTransactions, tFailed, tTimedout, nDelay, cDelay, osDelay
200.05,0,0,0,-1,0,0.000000,0.000000,0.000000
,0,0,0,0,0,0.000000,0.000000,0.000000
,0,0,0,0,0,0.000000,0.000000,0.000000
,0,0,0,0,0,0.000000,0.000000,0.000000
,0,0,0,0,0,0.000000,0.000000,0.000000
,0,0,0,0,0,0.000000,0.000000,0.000000
,0,0,0,0,0,0.000000,0.000000,0.000000
,0,0,0,0,0,0.000000,0.000000,0.000000
,0,0,0,0,0,0.000000,0.000000,0.000000
,0,0,0,0,0,0.000000,0.000000,0.000000
200.1,0,0,0,-1,0,0.000000,0.000000,0.000000
,0,0,0,0,0,0.000000,0.000000,0.000000
,0,0,0,0,0,0.000000,0.000000,0.000000
,0,0,0,0,0,0.000000,0.000000,0.000000
,0,0,0,0,0,0.000000,0.000000,0.000000
,0,0,0,0,0,0.000000,0.000000,0.000000
,0,0,0,0,0,0.000000,0.000000,0.000000
,0,0,0,0,0,0.000000,0.000000,0.000000
,0,0,0,0,0,0.000000,0.000000,0.000000
,0,0,0,0,0,0.000000,0.000000,0.000000
200.15,0,0,0,-1,0,0.000000,0.000000,0.000000
,0,0,0,0,0,0.000000,0.000000,0.000000
,0,0,0,0,0,0.000000,0.000000,0.000000
,0,0,0,0,0,0.000000,0.000000,0.000000
,0,0,0,0,0,0.000000,0.000000,0.000000
,0,0,0,0,0,0.000000,0.000000,0.000000
,0,0,0,0,0,0.000000,0.000000,0.000000
,0,0,0,0,0,0.000000,0.000000,0.000000
,0,0,0,0,0,0.000000,0.000000,0.000000
,0,0,0,0,0,0.000000,0.000000,0.000000
200.2,0,0,0,-1,0,0.000000,0.000000,0.000000
,0,0,0,0,0,0.000000,0.000000,0.000000
,0,0,0,0,0,0.000000,0.000000,0.000000
,0,0,0,0,0,0.000000,0.000000,0.000000
,0,0,0,0,0,0.000000,0.000000,0.000000
,0,0,0,0,0,0.000000,0.000000,0.000000
,0,0,0,0,0,0.000000,0.000000,0.000000
,0,0,0,0,0,0.000000,0.000000,0.000000
,0,0,0,0,0,0.000000,0.000000,0.000000
,0,0,0,0,0,0.000000,0.000000,0.000000
200.25,0,0,0,-1,0,0.000000,0.000000,0.000000
,0,0,0,0,0,0.000000,0.000000,0.000000
,0,0,0,0,0,0.000000,0.000000,0.000000
,0,0,0,0,0,0.000000,0.000000,0.000000
,0,0,0,0,0,0.000000,0.000000,0.000000
,0,0,0,0,0,0.000000,0.000000,0.000000
,0,0,0,0,0,0.000000,0.000000,0.000000
,0,0,0,0,0,0.000000,0.000000,0.000000
,0,0,0,0,0,0.000000,0.000000,0.000000
,0,0,0,0,0,0.000000,0.000000,0.000000
200.3,0,0,0,-1,0,0.000000,0.000000,0.000000
,0,0,0,0,0,0.000000,0.000000,0.000000
,0,0,0,0,0,0.000000,0.000000,0.000000
,0,0,0,0,0,0.000000,0.000000,0.000000
,0,0,0,0,0,0.000000,0.000000,0.000000
,0,0,0,0,0,0.000000,0.000000,0.000000
,0,0,0,0,0,0.000000,0.000000,0.000000
,0,0,0,0,0,0.000000,0.000000,0.000000
,0,0,0,0,0,0.000000,0.000000,0.000000
,0,0,0,0,0,0.000000,0.000000,0.000000
200.35,0,0,0,-1,0,0.000000,0.000000,0.000000
,0,0,0,0,0,0.000000,0.000000,0.000000
,0,0,0,0,0,0.000000,0.000000,0.000000
,0,0,0,0,0,0.000000,0.000000,0.000000
,0,0,0,0,0,0.000000,0.000000,0.000000
,0,0,0,0,0,0.000000,0.000000,0.000000
,0,0,0,0,0,0.000000,0.000000,0.000000
,0,0,0,0,0,0.000000,0.000000,0.000000
,0,0,0,0,0,0.000000,0.000000,0.000000
,0,0,0,0,0,0.000000,0.000000,0.000000
200.4,0,0,0,-1,0,0.000000,0.000000,0.000000
,0,0,0,0,0,0.000000,0.000000,0.000000
,0,0,0,0,0,0.000000,0.000000,0.000000
,0,0,0,0,0,0.000000,0.000000,0.000000
,0,0,0,0,0,0.000000,0.000000,0.000000
,0,0,0,0,0,0.000000,0.000000,0.000000
,0,0,0,0,0,0.000000,0.000000,0.000000
,0,0,0,0,0,0.000000,0.000000,0.000000
,0,0,0,0,0,0.000000,0.000000,0.000000
,0,0,0,0,0,0.000000,0.000000,0.000000
200.45,0,0,0,-1,0,0.000000,0.000000,0.000000
,0,0,0,0,0,0.000000,0.000000,0.000000
,0,0,0,0,0,0.000000,0.000000,0.000000
,0,0,0,0,0,0.000000,0.000000,0.000000
,0,0,0,0,0,0.000000,0.000000,0.000000
,0,0,0,0,0,0.000000,0.000000,0.000000
,0,0,0,0,0,0.000000,0.000000,0.000000
,0,0,0,0,0,0.000000,0.000000,0.000000
,0,0,0,0,0,0.000000,0.000000,0.000000
,0,0,0,0,0,0.000000,0.000000,0.000000
200.5,0,0,0,-1,0,0.000000,0.000000,0.000000
,0,0,0,0,0,0.000000,0.000000,0.000000
,0,0,0,0,0,0.000000,0.000000,0.000000
,0,0,0,0,0,0.000000,0.000000,0.000000
,0,0,0,0,0,0.000000,0.000000,0.000000
,0,0,0,0,0,0.000000,0.000000,0.000000
,0,0,0,0,0,0.000000,0.000000,0.000000
,0,0,0,0,0,0.000000,0.000000,0.000000
,0,0,0,0,0,0.000000,0.000000,0.000000
,0,0,0,0,0,0.000000,0.000000,0.000000
200.55,0,0,0,-1,0,0.000000,0.000000,0.000000
,0,0,0,0,0,0.000000,0.000000,0.000000
,0,0,0,0,0,0.000000,0.000000,0.000000
,0,0,0,0,0,0.000000,0.000000,0.000000
,0,0,0,0,0,0.000000,0.000000,0.000000
,0,0,0,0,0,0.000000,0.000000,0.000000
,0,0,0,0,0,0.000000,0.000000,0.000000
,0,0,0,0,0,0.000000,0.000000,0.000000
,0,0,0,0,0,0.000000,0.000000,0.000000
,0,0,0,0,0,0.000000,0.000000,0.000000
200.6,0,0,0,-1,0,0.000000,0.000000,0.000000
,0,0,0,0,0,0.000000,0.000000,0.000000
,0,0,0,0,0,0.000000,0.000000,0.000000
,0,0,0,0,0,0.000000,0.000000,0.000000
,0,0,0,0,0,0.000000,0.000000,0.000000
,0,0,0,0,0,0.000000,0.000000,0.000000
,0,0,0,0,0,0.000000,0.000000,0.000000
,0,0,0,0,0,0.000000,0.000000,0.000000
,0,0,0,0,0,0.000000,0.000000,0.000000
,0,0,0,0,0,0.000000,0.000000,0.000000
200.65,0,0,0,-1,0,0.000000,0.000000,0.000000
,0,0,0,0,0,0.000000,0.000000,0.000000
,0,0,0,0,0,0.000000,0.000000,0.000000
,0,0,0,0,0,0.000000,0.000000,0.000000
,0,0,0,0,0,0.000000,0.000000,0.000000
,0,0,0,0,0,0.000000,0.000000,0.000000
,0,0,0,0,0,0.000000,0.000000,0.000000
,0,0,0,0,0,0.000000,0.000000,0.000000
,0,0,0,0,0,0.000000,0.000000,0.000000
,0,0,0,0,0,0.000000,0.000000,0.000000
200.7,0,0,0,-1,0,0.000000,0.000000,0.000000
,0,0,0,0,0,0.000000,0.000000,0.000000
,0,0,0,0,0,0.000000,0.000000,0.000000
,0,0,0,0,0,0.000000,0.000000,0.000000
,0,0,0,0,0,0.000000,0.000000,0.000000
,0,0,0,0,0,0.000000,0.000000,0.000000
,0,0,0,0,0,0.000000,0.000000,0.000000
,0,0,0,0,0,0.000000,0.000000,0.000000
,0,0,0,0,0,0.000000,0.000000,0.000000
,0,0,0,0,0,0.000000,0.000000,0.000000
200.75,0,1,1,-1,0,0.092001,0.000000,0.014890
,0,0,0,0,0,0.000000,0.000000,0.000000
,0,0,0,0,0,0.000000,0.000000,0.000000
,0,0,0,0,0,0.000000,0.000000,0.000000
,0,0,0,0,0,0.000000,0.000000,0.000000
,0,0,0,0,0,0.000000,0.000000,0.000000
,0,0,0,0,0,0.000000,0.000000,0.000000
,0,0,0,0,0,0.000000,0.000000,0.000000
,0,0,0,0,0,0.000000,0.000000,0.000000
,0,0,0,0,0,0.000000,0.000000,0.000000
200.8,0,1,1,-1,0,0.000000,0.000000,0.000000
,0,0,0,0,0,0.000000,0.000000,0.000000
,0,0,0,0,0,0.000000,0.000000,0.000000
,0,0,0,0,0,0.000000,0.000000,0.000000
,0,0,0,0,0,0.000000,0.000000,0.000000
,0,0,0,0,0,0.000000,0.000000,0.000000
,0,0,0,0,0,0.000000,0.000000,0.000000
,0,0,0,0,0,0.000000,0.000000,0.000000
,0,0,0,0,0,0.000000,0.000000,0.000000
,0,0,0,0,0,0.000000,0.000000,0.000000
200.85,0,1,1,-1,0,0.000000,0.000000,0.000000
,0,0,0,0,0,0.000000,0.000000,0.000000
,0,0,0,0,0,0.000000,0.000000,0.000000
,0,0,0,0,0,0.000000,0.000000,0.000000
,0,0,0,0,0,0.000000,0.000000,0.000000
,0,0,0,0,0,0.000000,0.000000,0.000000
,0,0,0,0,0,0.000000,0.000000,0.000000
,0,0,0,0,0,0.000000,0.000000,0.000000
,0,0,0,0,0,0.000000,0.000000,0.000000
,0,0,0,0,0,0.000000,0.000000,0.000000
200.9,0,1,1,-1,0,0.000000,0.000000,0.000000
,0,0,0,0,0,0.000000,0.000000,0.000000
,0,0,0,0,0,0.000000,0.000000,0.000000
,0,0,0,0,0,0.000000,0.000000,0.000000
,0,0,0,0,0,0.000000,0.000000,0.000000
,0,0,0,0,0,0.000000,0.000000,0.000000
,0,0,0,0,0,0.000000,0.000000,0.000000
,0,0,0,0,0,0.000000,0.000000,0.000000
,0,0,0,0,0,0.000000,0.000000,0.000000
,0,0,0,0,0,0.000000,0.000000,0.000000
200.95,0,1,1,-1,0,0.000000,0.000000,0.000000
,0,0,0,0,0,0.000000,0.000000,0.000000
,0,0,0,0,0,0.000000,0.000000,0.000000
,0,0,0,0,0,0.000000,0.000000,0.000000
,0,0,0,0,0,0.000000,0.000000,0.000000
,0,0,0,0,0,0.000000,0.000000,0.000000
,0,0,0,0,0,0.000000,0.000000,0.000000
,0,0,0,0,0,0.000000,0.000000,0.000000
,0,0,0,0,0,0.000000,0.000000,0.000000
,0,0,0,0,0,0.000000,0.000000,0.000000
201,0,1,1,-1,0,0.000000,0.000000,0.000000
,0,0,0,0,0,0.000000,0.000000,0.000000
,0,0,0,0,0,0.000000,0.000000,0.000000
,0,0,0,0,0,0.000000,0.000000,0.000000
,0,0,0,0,0,0.000000,0.000000,0.000000
,0,0,0,0,0,0.000000,0.000000,0.000000
,0,0,0,0,0,0.000000,0.000000,0.000000
,0,0,0,0,0,0.000000,0.000000,0.000000
,0,0,0,0,0,0.000000,0.000000,0.000000
,0,0,0,0,0,0.000000,0.000000,0.000000
201.05,0,2,2,-1,0,0.161770,0.000000,0.018921
,0,0,0,0,0,0.000000,0.000000,0.000000
,0,0,0,0,0,0.000000,0.000000,0.000000
,0,0,0,0,0,0.000000,0.000000,0.000000
,0,0,0,0,0,0.000000,0.000000,0.000000
,0,0,0,0,0,0.000000,0.000000,0.000000
,0,0,0,0,0,0.000000,0.000000,0.000000
,0,0,0,0,0,0.000000,0.000000,0.000000
,0,0,0,0,0,0.000000,0.000000,0.000000
,0,0,0,0,0,0.000000,0.000000,0.000000
201.1,0,2,2,-1,0,0.000000,0.000000,0.000000
,0,0,0,0,0,0.000000,0.000000,0.000000
,0,0,0,0,0,0.000000,0.000000,0.000000
,0,0,0,0,0,0.000000,0.000000,0.000000
,0,0,0,0,0,0.000000,0.000000,0.000000
,0,0,0,0,0,0.000000,0.000000,0.000000
,0,0,0,0,0,0.000000,0.000000,0.000000
,0,0,0,0,0,0.000000,0.000000,0.000000
,0,0,0,0,0,0.000000,0.000000,0.000000
,0,0,0,0,0,0.000000,0.000000,0.000000
201.15,0,2,2,-1,0,0.000000,0.000000,0.000000
,0,0,0,0,0,0.000000,0.000000,0.000000
,0,0,0,0,0,0.000000,0.000000,0.000000
,0,0,0,0,0,0.000000,0.000000,0.000000
,0,0,0,0,0,0.000000,0.000000,0.000000
,0,0,0,0,0,0.000000,0.000000,0.000000
,0,0,0,0,0,0.000000,0.000000,0.000000
,0,0,0,0,0,0.000000,0.000000,0.000000
,0,0,0,0,0,0.000000,0.000000,0.000000
,0,0,0,0,0,0.000000,0.000000,0.000000
201.2,0,2,2,-1,0,0.000000,0.000000,0.000000
,0,0,0,0,0,0.000000,0.000000,0.000000
,0,0,0,0,0,0.000000,0.000000,0.000000
,0,0,0,0,0,0.000000,0.000000,0.000000
,0,0,0,0,0,0.000000,0.000000,0.000000
,0,0,0,0,0,0.000000,0.000000,0.000000
,0,0,0,0,0,0.000000,0.000000,0.000000
,0,0,0,0,0,0.000000,0.000000,0.000000
,0,0,0,0,0,0.000000,0.000000,0.000000
,0,0,0,0,0,0.000000,0.000000,0.000000
201.25,0,2,2,-1,0,0.000000,0.000000,0.000000
,0,0,0,0,0,0.000000,0.000000,0.000000
,0,0,0,0,0,0.000000,0.000000,0.000000
,0,0,0,0,0,0.000000,0.000000,0.000000
,0,0,0,0,0,0.000000,0.000000,0.000000
,0,0,0,0,0,0.000000,0.000000,0.000000
,0,0,0,0,0,0.000000,0.000000,0.000000
,0,0,0,0,0,0.000000,0.000000,0.000000
,0,0,0,0,0,0.000000,0.000000,0.000000
,0,0,0,0,0,0.000000,0.000000,0.000000
201.3,0,2,2,-1,0,0.000000,0.000000,0.000000
,0,0,0,0,0,0.000000,0.000000,0.000000
,0,0,0,0,0,0.000000,0.000000,0.000000
,0,0,0,0,0,0.000000,0.000000,0.000000
,0,0,0,0,0,0.000000,0.000000,0.000000
,0,0,0,0,0,0.000000,0.000000,0.000000
,0,0,0,0,0,0.000000,0.000000,0.000000
,0,0,0,0,0,0.000000,0.000000,0.000000
,0,0,0,0,0,0.000000,0.000000,0.000000
,0,0,0,0,0,0.000000,0.000000,0.000000
201.35,0,2,2,-1,0,0.000000,0.000000,0.000000
,0,0,0,0,0,0.000000,0.000000,0.000000
,0,0,0,0,0,0.000000,0.000000,0.000000
,0,0,0,0,0,0.000000,0.000000,0.000000
,0,0,0,0,0,0.000000,0.000000,0.000000
,0,0,0,0,0,0.000000,0.000000,0.000000
,0,0,0,0,0,0.000000,0.000000,0.000000
,0,0,0,0,0,0.000000,0.000000,0.000000
,0,0,0,0,0,0.000000,0.000000,0.000000
,0,0,0,0,0,0.000000,0.000000,0.000000
201.4,0,2,2,-1,0,0.000000,0.000000,0.000000
,0,0,0,0,0,0.000000,0.000000,0.000000
,0,0,0,0,0,0.000000,0.000000,0.000000
,0,0,0,0,0,0.000000,0.000000,0.000000
,0,0,0,0,0,0.000000,0.000000,0.000000
,0,0,0,0,0,0.000000,0.000000,0.000000
,0,0,0,0,0,0.000000,0.000000,0.000000
,0,0,0,0,0,0.000000,0.000000,0.000000
,0,0,0,0,0,0.000000,0.000000,0.000000
,0,0,0,0,0,0.000000,0.000000,0.000000
201.45,0,3,3,-1,0,0.102561,0.000000,0.015666
,0,0,0,0,0,0.000000,0.000000,0.000000
,0,0,0,0,0,0.000000,0.000000,0.000000
,0,0,0,0,0,0.000000,0.000000,0.000000
,0,0,0,0,0,0.000000,0.000000,0.000000
,0,0,0,0,0,0.000000,0.000000,0.000000
,0,0,0,0,0,0.000000,0.000000,0.000000
,0,0,0,0,0,0.000000,0.000000,0.000000
,0,0,0,0,0,0.000000,0.000000,0.000000
,0,0,0,0,0,0.000000,0.000000,0.000000
201.5,0,3,3,-1,0,0.000000,0.000000,0.000000
,0,0,0,0,0,0.000000,0.000000,0.000000
,0,0,0,0,0,0.000000,0.000000,0.000000
,0,0,0,0,0,0.000000,0.000000,0.000000
,0,0,0,0,0,0.000000,0.000000,0.000000
,0,0,0,0,0,0.000000,0.000000,0.000000
,0,0,0,0,0,0.000000,0.000000,0.000000
,0,0,0,0,0,0.000000,0.000000,0.000000
,0,0,0,0,0,0.000000,0.000000,0.000000
,0,0,0,0,0,0.000000,0.000000,0.000000
201.55,0,3,3,-1,0,0.000000,0.000000,0.000000
,0,0,0,0,0,0.000000,0.000000,0.000000
,0,0,0,0,0,0.000000,0.000000,0.000000
,0,0,0,0,0,0.000000,0.000000,0.000000
,0,0,0,0,0,0.000000,0.000000,0.000000
,0,0,0,0,0,0.000000,0.000000,0.000000
,0,0,0,0,0,0.000000,0.000000,0.000000
,0,0,0,0,0,0.000000,0.000000,0.000000
,0,0,0,0,0,0.000000,0.000000,0.000000
,0,0,0,0,0,0.000000,0.000000,0.000000
201.6,0,3,3,-1,0,0.000000,0.000000,0.000000
,0,0,0,0,0,0.000000,0.000000,0.000000
,0,0,0,0,0,0.000000,0.000000,0.000000
,0,0,0,0,0,0.000000,0.000000,0.000000
,0,0,0,0,0,0.000000,0.000000,0.000000
,0,0,0,0,0,0.000000,0.000000,0.000000
,0,0,0,0,0,0.000000,0.000000,0.000000
,0,0,0,0,0,0.000000,0.000000,0.000000
,0,0,0,0,0,0.000000,0.000000,0.000000
,0,0,0,0,0,0.000000,0.000000,0.000000
201.65,0,3,3,-1,0,0.000000,0.000000,0.000000
,0,0,0,0,0,0.000000,0.000000,0.000000
,0,0,0,0,0,0.000000,0.000000,0.000000
,0,0,0,0,0,0.000000,0.000000,0.000000
,0,0,0,0,0,0.000000,0.000000,0.000000
,0,0,0,0,0,0.000000,0.000000,0.000000
,0,0,0,0,0,0.000000,0.000000,0.000000
,0,0,0,0,0,0.000000,0.000000,0.000000
,0,0,0,0,0,0.000000,0.000000,0.000000
,0,0,0,0,0,0.000000,0.000000,0.000000
201.7,0,3,3,-1,0,0.000000,0.000000,0.000000
,0,0,0,0,0,0.000000,0.000000,0.000000
,0,0,0,0,0,0.000000,0.000000,0.000000
,0,0,0,0,0,0.000000,0.000000,0.000000
,0,0,0,0,0,0.000000,0.000000,0.000000
,0,0,0,0,0,0.000000,0.000000,0.000000
,0,0,0,0,0,0.000000,0.000000,0.000000
,0,0,0,0,0,0.000000,0.000000,0.000000
,0,0,0,0,0,0.000000,0.000000,0.000000
,0,0,0,0,0,0.000000,0.000000,0.000000
201.75,0,4,4,-1,0,0.102585,0.000000,0.015668
,0,0,0,0,0,0.000000,0.000000,0.000000
,0,0,0,0,0,0.000000,0.000000,0.000000
,0,0,0,0,0,0.000000,0.000000,0.000000
,0,0,0,0,0,0.000000,0.000000,0.000000
,0,0,0,0,0,0.000000,0.000000,0.000000
,0,0,0,0,0,0.000000,0.000000,0.000000
,0,0,0,0,0,0.000000,0.000000,0.000000
,0,0,0,0,0,0.000000,0.000000,0.000000
,0,0,0,0,0,0.000000,0.000000,0.000000
201.8,0,4,4,-1,0,0.000000,0.000000,0.000000
,0,0,0,0,0,0.000000,0.000000,0.000000
,0,0,0,0,0,0.000000,0.000000,0.000000
,0,0,0,0,0,0.000000,0.000000,0.000000
,0,0,0,0,0,0.000000,0.000000,0.000000
,0,0,0,0,0,0.000000,0.000000,0.000000
,0,0,0,0,0,0.000000,0.000000,0.000000
,0,0,0,0,0,0.000000,0.000000,0.000000
,0,0,0,0,0,0.000000,0.000000,0.000000
,0,0,0,0,0,0.000000,0.000000,0.000000
201.85,0,4,4,-1,0,0.000000,0.000000,0.000000
,0,0,0,0,0,0.000000,0.000000,0.000000
,0,0,0,0,0,0.000000,0.000000,0.000000
,0,0,0,0,0,0.000000,0.000000,0.000000
,0,0,0,0,0,0.000000,0.000000,0.000000
,0,0,0,0,0,0.000000,0.000000,0.000000
,0,0,0,0,0,0.000000,0.000000,0.000000
,0,0,0,0,0,0.000000,0.000000,0.000000
,0,0,0,0,0,0.000000,0.000000,0.000000
,0,0,0,0,0,0.000000,0.000000,0.000000
201.9,0,4,4,-1,0,0.000000,0.000000,0.000000
,0,0,0,0,0,0.000000,0.000000,0.000000
,0,0,0,0,0,0.000000,0.000000,0.000000
,0,0,0,0,0,0.000000,0.000000,0.000000
,0,0,0,0,0,0.000000,0.000000,0.000000
,0,0,0,0,0,0.000000,0.000000,0.000000
,0,0,0,0,0,0.000000,0.000000,0.000000
,0,0,0,0,0,0.000000,0.000000,0.000000
,0,0,0,0,0,0.000000,0.000000,0.000000
,0,0,0,0,0,0.000000,0.000000,0.000000
201.95,0,4,4,-1,0,0.000000,0.000000,0.000000
,0,0,0,0,0,0.000000,0.000000,0.000000
,0,0,0,0,0,0.000000,0.000000,0.000000
,0,0,0,0,0,0.000000,0.000000,0.000000
,0,0,0,0,0,0.000000,0.000000,0.000000
,0,0,0,0,0,0.000000,0.000000,0.000000
,0,0,0,0,0,0.000000,0.000000,0.000000
,0,0,0,0,0,0.000000,0.000000,0.000000
,0,0,0,0,0,0.000000,0.000000,0.000000
,0,0,0,0,0,0.000000,0.000000,0.000000
202,0,4,4,-1,0,0.000000,0.000000,0.000000
,0,0,0,0,0,0.000000,0.000000,0.000000
,0,0,0,0,0,0.000000,0.000000,0.000000
,0,0,0,0,0,0.000000,0.000000,0.000000
,0,0,0,0,0,0.000000,0.000000,0.000000
,0,0,0,0,0,0.000000,0.000000,0.000000
,0,0,0,0,0,0.000000,0.000000,0.000000
,0,0,0,0,0,0.000000,0.000000,0.000000
,0,0,0,0,0,0.000000,0.000000,0.000000
,0,0,0,0,0,0.000000,0.000000,0.000000
202.05,0,5,5,-1,0,0.138510,0.000000,0.017813
,0,0,0,0,0,0.000000,0.000000,0.000000
,0,0,0,0,0,0.000000,0.000000,0.000000
,0,0,0,0,0,0.000000,0.000000,0.000000
,0,0,0,0,0,0.000000,0.000000,0.000000
,0,0,0,0,0,0.000000,0.000000,0.000000
,0,0,0,0,0,0.000000,0.000000,0.000000
,0,0,0,0,0,0.000000,0.000000,0.000000
,0,0,0,0,0,0.000000,0.000000,0.000000
,0,0,0,0,0,0.000000,0.000000,0.000000
202.1,0,5,5,-1,0,0.000000,0.000000,0.000000
,0,0,0,0,0,0.000000,0.000000,0.000000
,0,0,0,0,0,0.000000,0.000000,0.000000
,0,0,0,0,0,0.000000,0.000000,0.000000
,0,0,0,0,0,0.000000,0.000000,0.000000
,0,0,0,0,0,0.000000,0.000000,0.000000
,0,0,0,0,0,0.000000,0.000000,0.000000
,0,0,0,0,0,0.000000,0.000000,0.000000
,0,0,0,0,0,0.000000,0.000000,0.000000
,0,0,0,0,0,0.000000,0.000000,0.000000
202.15,0,5,5,-1,0,0.000000,0.000000,0.000000
,0,0,0,0,0,0.000000,0.000000,0.000000
,0,0,0,0,0,0.000000,0.000000,0.000000
,0,0,0,0,0,0.000000,0.000000,0.000000
,0,0,0,0,0,0.000000,0.000000,0.000000
,0,0,0,0,0,0.000000,0.000000,0.000000
,0,0,0,0,0,0.000000,0.000000,0.000000
,0,0,0,0,0,0.000000,0.000000,0.000000
,0,0,0,0,0,0.000000,0.000000,0.000000
,0,0,0,0,0,0.000000,0.000000,0.000000
202.2,0,5,5,-1,0,0.000000,0.000000,0.000000
,0,0,0,0,0,0.000000,0.000000,0.000000
,0,0,0,0,0,0.000000,0.000000,0.000000
,0,0,0,0,0,0.000000,0.000000,0.000000
,0,0,0,0,0,0.000000,0.000000,0.000000
,0,0,0,0,0,0.000000,0.000000,0.000000
,0,0,0,0,0,0.000000,0.000000,0.000000
,0,0,0,0,0,0.000000,0.000000,0.000000
,0,0,0,0,0,0.000000,0.000000,0.000000
,0,0,0,0,0,0.000000,0.000000,0.000000
202.25,0,5,5,-1,0,0.000000,0.000000,0.000000
,0,0,0,0,0,0.000000,0.000000,0.000000
,0,0,0,0,0,0.000000,0.000000,0.000000
,0,0,0,0,0,0.000000,0.000000,0.000000
,0,0,0,0,0,0.000000,0.000000,0.000000
,0,0,0,0,0,0.000000,0.000000,0.000000
,0,0,0,0,0,0.000000,0.000000,0.000000
,0,0,0,0,0,0.000000,0.000000,0.000000
,0,0,0,0,0,0.000000,0.000000,0.000000
,0,0,0,0,0,0.000000,0.000000,0.000000
202.3,0,6,6,-1,0,0.443387,0.000000,0.026123
,0,0,0,0,0,0.000000,0.000000,0.000000
,0,0,0,0,0,0.000000,0.000000,0.000000
,0,0,0,0,0,0.000000,0.000000,0.000000
,0,0,0,0,0,0.000000,0.000000,0.000000
,0,0,0,0,0,0.000000,0.000000,0.000000
,0,0,0,0,0,0.000000,0.000000,0.000000
,0,0,0,0,0,0.000000,0.000000,0.000000
,0,0,0,0,0,0.000000,0.000000,0.000000
,0,0,0,0,0,0.000000,0.000000,0.000000
202.35,0,6,6,-1,0,0.000000,0.000000,0.000000
,0,0,0,0,0,0.000000,0.000000,0.000000
,0,0,0,0,0,0.000000,0.000000,0.000000
,0,0,0,0,0,0.000000,0.000000,0.000000
,0,0,0,0,0,0.000000,0.000000,0.000000
,0,0,0,0,0,0.000000,0.000000,0.000000
,0,0,0,0,0,0.000000,0.000000,0.000000
,0,0,0,0,0,0.000000,0.000000,0.000000
,0,0,0,0,0,0.000000,0.000000,0.000000
,0,0,0,0,0,0.000000,0.000000,0.000000
202.4,0,6,6,-1,0,0.000000,0.000000,0.000000
,0,0,0,0,0,0.000000,0.000000,0.000000
,0,0,0,0,0,0.000000,0.000000,0.000000
,0,0,0,0,0,0.000000,0.000000,0.000000
,0,0,0,0,0,0.000000,0.000000,0.000000
,0,0,0,0,0,0.000000,0.000000,0.000000
,0,0,0,0,0,0.000000,0.000000,0.000000
,0,0,0,0,0,0.000000,0.000000,0.000000
,0,0,0,0,0,0.000000,0.000000,0.000000
,0,0,0,0,0,0.000000,0.000000,0.000000
202.45,0,8,8,-1,0,0.091623,0.000000,0.014861
,0,0,0,0,0,0.000000,0.000000,0.000000
,0,0,0,0,0,0.000000,0.000000,0.000000
,0,0,0,0,0,0.000000,0.000000,0.000000
,0,0,0,0,0,0.000000,0.000000,0.000000
,0,0,0,0,0,0.000000,0.000000,0.000000
,0,0,0,0,0,0.000000,0.000000,0.000000
,0,0,0,0,0,0.000000,0.000000,0.000000
,0,0,0,0,0,0.000000,0.000000,0.000000
,0,0,0,0,0,0.000000,0.000000,0.000000
202.5,0,8,8,-1,0,0.000000,0.000000,0.000000
,0,0,0,0,0,0.000000,0.000000,0.000000
,0,0,0,0,0,0.000000,0.000000,0.000000
,0,0,0,0,0,0.000000,0.000000,0.000000
,0,0,0,0,0,0.000000,0.000000,0.000000
,0,0,0,0,0,0.000000,0.000000,0.000000
,0,0,0,0,0,0.000000,0.000000,0.000000
,0,0,0,0,0,0.000000,0.000000,0.000000
,0,0,0,0,0,0.000000,0.000000,0.000000
,0,0,0,0,0,0.000000,0.000000,0.000000
202.55,0,8,8,-1,0,0.000000,0.000000,0.000000
,0,0,0,0,0,0.000000,0.000000,0.000000
,0,0,0,0,0,0.000000,0.000000,0.000000
,0,0,0,0,0,0.000000,0.000000,0.000000
,0,0,0,0,0,0.000000,0.000000,0.000000
,0,0,0,0,0,0.000000,0.000000,0.000000
,0,0,0,0,0,0.000000,0.000000,0.000000
,0,0,0,0,0,0.000000,0.000000,0.000000
,0,0,0,0,0,0.000000,0.000000,0.000000
,0,0,0,0,0,0.000000,0.000000,0.000000
202.6,0,8,8,-1,0,0.000000,0.000000,0.000000
,0,0,0,0,0,0.000000,0.000000,0.000000
,0,0,0,0,0,0.000000,0.000000,0.000000
,0,0,0,0,0,0.000000,0.000000,0.000000
,0,0,0,0,0,0.000000,0.000000,0.000000
,0,0,0,0,0,0.000000,0.000000,0.000000
,0,0,0,0,0,0.000000,0.000000,0.000000
,0,0,0,0,0,0.000000,0.000000,0.000000
,0,0,0,0,0,0.000000,0.000000,0.000000
,0,0,0,0,0,0.000000,0.000000,0.000000
202.65,0,8,8,-1,0,0.000000,0.000000,0.000000
,0,0,0,0,0,0.000000,0.000000,0.000000
,0,0,0,0,0,0.000000,0.000000,0.000000
,0,0,0,0,0,0.000000,0.000000,0.000000
,0,0,0,0,0,0.000000,0.000000,0.000000
,0,0,0,0,0,0.000000,0.000000,0.000000
,0,0,0,0,0,0.000000,0.000000,0.000000
,0,0,0,0,0,0.000000,0.000000,0.000000
,0,0,0,0,0,0.000000,0.000000,0.000000
,0,0,0,0,0,0.000000,0.000000,0.000000
202.7,0,8,8,-1,0,0.000000,0.000000,0.000000
,0,0,0,0,0,0.000000,0.000000,0.000000
,0,0,0,0,0,0.000000,0.000000,0.000000
,0,0,0,0,0,0.000000,0.000000,0.000000
,0,0,0,0,0,0.000000,0.000000,0.000000
,0,0,0,0,0,0.000000,0.000000,0.000000
,0,0,0,0,0,0.000000,0.000000,0.000000
,0,0,0,0,0,0.000000,0.000000,0.000000
,0,0,0,0,0,0.000000,0.000000,0.000000
,0,0,0,0,0,0.000000,0.000000,0.000000
202.75,0,8,8,-1,0,0.000000,0.000000,0.000000
,0,0,0,0,0,0.000000,0.000000,0.000000
,0,0,0,0,0,0.000000,0.000000,0.000000
,0,0,0,0,0,0.000000,0.000000,0.000000
,0,0,0,0,0,0.000000,0.000000,0.000000
,0,0,0,0,0,0.000000,0.000000,0.000000
,0,0,0,0,0,0.000000,0.000000,0.000000
,0,0,0,0,0,0.000000,0.000000,0.000000
,0,0,0,0,0,0.000000,0.000000,0.000000
,0,0,0,0,0,0.000000,0.000000,0.000000
202.8,0,8,8,-1,0,0.000000,0.000000,0.000000
,0,0,0,0,0,0.000000,0.000000,0.000000
,0,0,0,0,0,0.000000,0.000000,0.000000
,0,0,0,0,0,0.000000,0.000000,0.000000
,0,0,0,0,0,0.000000,0.000000,0.000000
,0,0,0,0,0,0.000000,0.000000,0.000000
,0,0,0,0,0,0.000000,0.000000,0.000000
,0,0,0,0,0,0.000000,0.000000,0.000000
,0,0,0,0,0,0.000000,0.000000,0.000000
,0,0,0,0,0,0.000000,0.000000,0.000000
202.85,0,8,8,-1,0,0.000000,0.000000,0.000000
,0,0,0,0,0,0.000000,0.000000,0.000000
,0,0,0,0,0,0.000000,0.000000,0.000000
,0,0,0,0,0,0.000000,0.000000,0.000000
,0,0,0,0,0,0.000000,0.000000,0.000000
,0,0,0,0,0,0.000000,0.000000,0.000000
,0,0,0,0,0,0.000000,0.000000,0.000000
,0,0,0,0,0,0.000000,0.000000,0.000000
,0,0,0,0,0,0.000000,0.000000,0.000000
,0,0,0,0,0,0.000000,0.000000,0.000000
202.9,0,8,8,-1,0,0.000000,0.000000,0.000000
,0,0,0,0,0,0.000000,0.000000,0.000000
,0,0,0,0,0,0.000000,0.000000,0.000000
,0,0,0,0,0,0.000000,0.000000,0.000000
,0,0,0,0,0,0.000000,0.000000,0.000000
,0,0,0,0,0,0.000000,0.000000,0.000000
,0,0,0,0,0,0.000000,0.000000,0.000000
,0,0,0,0,0,0.000000,0.000000,0.000000
,0,0,0,0,0,0.000000,0.000000,0.000000
,0,0,0,0,0,0.000000,0.000000,0.000000
202.95,0,10,10,-1,0,0.052044,0.000000,0.010821
,0,0,0,0,0,0.000000,0.000000,0.000000
,0,0,0,0,0,0.000000,0.000000,0.000000
,0,0,0,0,0,0.000000,0.000000,0.000000
,0,0,0,0,0,0.000000,0.000000,0.000000
,0,0,0,0,0,0.000000,0.000000,0.000000
,0,0,0,0,0,0.000000,0.000000,0.000000
,0,0,0,0,0,0.000000,0.000000,0.000000
,0,0,0,0,0,0.000000,0.000000,0.000000
,0,0,0,0,0,0.000000,0.000000,0.000000
203,0,10,10,-1,0,0.000000,0.000000,0.000000
,0,0,0,0,0,0.000000,0.000000,0.000000
,0,0,0,0,0,0.000000,0.000000,0.000000
,0,0,0,0,0,0.000000,0.000000,0.000000
,0,0,0,0,0,0.000000,0.000000,0.000000
,0,0,0,0,0,0.000000,0.000000,0.000000
,0,0,0,0,0,0.000000,0.000000,0.000000
,0,0,0,0,0,0.000000,0.000000,0.000000
,0,0,0,0,0,0.000000,0.000000,0.000000
,0,0,0,0,0,0.000000,0.000000,0.000000
203.05,0,10,10,-1,0,0.000000,0.000000,0.000000
,0,0,0,0,0,0.000000,0.000000,0.000000
,0,0,0,0,0,0.000000,0.000000,0.000000
,0,0,0,0,0,0.000000,0.000000,0.000000
,0,0,0,0,0,0.000000,0.000000,0.000000
,0,0,0,0,0,0.000000,0.000000,0.000000
,0,0,0,0,0,0.000000,0.000000,0.000000
,0,0,0,0,0,0.000000,0.000000,0.000000
,0,0,0,0,0,0.000000,0.000000,0.000000
,0,0,0,0,0,0.000000,0.000000,0.000000
203.1,0,11,11,-1,0,0.058338,0.000000,0.011636
,0,0,0,0,0,0.000000,0.000000,0.000000
,0,0,0,0,0,0.000000,0.000000,0.000000
,0,0,0,0,0,0.000000,0.000000,0.000000
,0,0,0,0,0,0.000000,0.000000,0.000000
,0,0,0,0,0,0.000000,0.000000,0.000000
,0,0,0,0,0,0.000000,0.000000,0.000000
,0,0,0,0,0,0.000000,0.000000,0.000000
,0,0,0,0,0,0.000000,0.000000,0.000000
,0,0,0,0,0,0.000000,0.000000,0.000000
203.15,0,13,13,-1,0,0.053567,0.000000,0.011027
,0,0,0,0,0,0.000000,0.000000,0.000000
,0,0,0,0,0,0.000000,0.000000,0.000000
,0,0,0,0,0,0.000000,0.000000,0.000000
,0,0,0,0,0,0.000000,0.000000,0.000000
,0,0,0,0,0,0.000000,0.000000,0.000000
,0,0,0,0,0,0.000000,0.000000,0.000000
,0,0,0,0,0,0.000000,0.000000,0.000000
,0,0,0,0,0,0.000000,0.000000,0.000000
,0,0,0,0,0,0.000000,0.000000,0.000000
203.2,0,13,13,-1,0,0.000000,0.000000,0.000000
,0,0,0,0,0,0.000000,0.000000,0.000000
,0,0,0,0,0,0.000000,0.000000,0.000000
,0,0,0,0,0,0.000000,0.000000,0.000000
,0,0,0,0,0,0.000000,0.000000,0.000000
,0,0,0,0,0,0.000000,0.000000,0.000000
,0,0,0,0,0,0.000000,0.000000,0.000000
,0,0,0,0,0,0.000000,0.000000,0.000000
,0,0,0,0,0,0.000000,0.000000,0.000000
,0,0,0,0,0,0.000000,0.000000,0.000000
203.25,0,16,15,-1,0,0.130452,0.000000,0.017385
,0,0,0,0,0,0.000000,0.000000,0.000000
,0,0,0,0,0,0.000000,0.000000,0.000000
,0,0,0,0,0,0.000000,0.000000,0.000000
,0,0,0,0,0,0.000000,0.000000,0.000000
,0,0,0,0,0,0.000000,0.000000,0.000000
,0,0,0,0,0,0.000000,0.000000,0.000000
,0,0,0,0,0,0.000000,0.000000,0.000000
,0,0,0,0,0,0.000000,0.000000,0.000000
,0,0,0,0,0,0.000000,0.000000,0.000000
203.3,0,17,16,-1,0,0.267411,0.000000,0.022512
,0,0,0,0,0,0.000000,0.000000,0.000000
,0,0,0,0,0,0.000000,0.000000,0.000000
,0,0,0,0,0,0.000000,0.000000,0.000000
,0,0,0,0,0,0.000000,0.000000,0.000000
,0,0,0,0,0,0.000000,0.000000,0.000000
,0,0,0,0,0,0.000000,0.000000,0.000000
,0,0,0,0,0,0.000000,0.000000,0.000000
,0,0,0,0,0,0.000000,0.000000,0.000000
,0,0,0,0,0,0.000000,0.000000,0.000000
203.35,0,18,17,-1,0,0.079242,0.000000,0.013824
,0,0,0,0,0,0.000000,0.000000,0.000000
,0,0,0,0,0,0.000000,0.000000,0.000000
,0,0,0,0,0,0.000000,0.000000,0.000000
,0,0,0,0,0,0.000000,0.000000,0.000000
,0,0,0,0,0,0.000000,0.000000,0.000000
,0,0,0,0,0,0.000000,0.000000,0.000000
,0,0,0,0,0,0.000000,0.000000,0.000000
,0,0,0,0,0,0.000000,0.000000,0.000000
,0,0,0,0,0,0.000000,0.000000,0.000000
203.4,0,18,17,-1,0,0.000000,0.000000,0.000000
,0,0,0,0,0,0.000000,0.000000,0.000000
,0,0,0,0,0,0.000000,0.000000,0.000000
,0,0,0,0,0,0.000000,0.000000,0.000000
,0,0,0,0,0,0.000000,0.000000,0.000000
,0,0,0,0,0,0.000000,0.000000,0.000000
,0,0,0,0,0,0.000000,0.000000,0.000000
,0,0,0,0,0,0.000000,0.000000,0.000000
,0,0,0,0,0,0.000000,0.000000,0.000000
,0,0,0,0,0,0.000000,0.000000,0.000000
203.45,0,18,17,-1,0,0.000000,0.000000,0.000000
,0,0,0,0,0,0.000000,0.000000,0.000000
,0,0,0,0,0,0.000000,0.000000,0.000000
,0,0,0,0,0,0.000000,0.000000,0.000000
,0,0,0,0,0,0.000000,0.000000,0.000000
,0,0,0,0,0,0.000000,0.000000,0.000000
,0,0,0,0,0,0.000000,0.000000,0.000000
,0,0,0,0,0,0.000000,0.000000,0.000000
,0,0,0,0,0,0.000000,0.000000,0.000000
,0,0,0,0,0,0.000000,0.000000,0.000000
203.5,0,18,17,-1,0,0.000000,0.000000,0.000000
,0,0,0,0,0,0.000000,0.000000,0.000000
,0,0,0,0,0,0.000000,0.000000,0.000000
,0,0,0,0,0,0.000000,0.000000,0.000000
,0,0,0,0,0,0.000000,0.000000,0.000000
,0,0,0,0,0,0.000000,0.000000,0.000000
,0,0,0,0,0,0.000000,0.000000,0.000000
,0,0,0,0,0,0.000000,0.000000,0.000000
,0,0,0,0,0,0.000000,0.000000,0.000000
,0,0,0,0,0,0.000000,0.000000,0.000000
203.55,0,19,18,-1,0,0.233980,0.000000,0.021558
,0,0,0,0,0,0.000000,0.000000,0.000000
,0,0,0,0,0,0.000000,0.000000,0.000000
,0,0,0,0,0,0.000000,0.000000,0.000000
,0,0,0,0,0,0.000000,0.000000,0.000000
,0,0,0,0,0,0.000000,0.000000,0.000000
,0,0,0,0,0,0.000000,0.000000,0.000000
,0,0,0,0,0,0.000000,0.000000,0.000000
,0,0,0,0,0,0.000000,0.000000,0.000000
,0,0,0,0,0,0.000000,0.000000,0.000000
203.6,0,20,19,-1,0,0.082071,0.000000,0.014074
,0,0,0,0,0,0.000000,0.000000,0.000000
,0,0,0,0,0,0.000000,0.000000,0.000000
,0,0,0,0,0,0.000000,0.000000,0.000000
,0,0,0,0,0,0.000000,0.000000,0.000000
,0,0,0,0,0,0.000000,0.000000,0.000000
,0,0,0,0,0,0.000000,0.000000,0.000000
,0,0,0,0,0,0.000000,0.000000,0.000000
,0,0,0,0,0,0.000000,0.000000,0.000000
,0,0,0,0,0,0.000000,0.000000,0.000000
203.65,0,20,19,-1,0,0.000000,0.000000,0.000000
,0,0,0,0,0,0.000000,0.000000,0.000000
,0,0,0,0,0,0.000000,0.000000,0.000000
,0,0,0,0,0,0.000000,0.000000,0.000000
,0,0,0,0,0,0.000000,0.000000,0.000000
,0,0,0,0,0,0.000000,0.000000,0.000000
,0,0,0,0,0,0.000000,0.000000,0.000000
,0,0,0,0,0,0.000000,0.000000,0.000000
,0,0,0,0,0,0.000000,0.000000,0.000000
,0,0,0,0,0,0.000000,0.000000,0.000000
203.7,0,21,20,-1,0,0.039932,0.000000,0.008929
,0,0,0,0,0,0.000000,0.000000,0.000000
,0,0,0,0,0,0.000000,0.000000,0.000000
,0,0,0,0,0,0.000000,0.000000,0.000000
,0,0,0,0,0,0.000000,0.000000,0.000000
,0,0,0,0,0,0.000000,0.000000,0.000000
,0,0,0,0,0,0.000000,0.000000,0.000000
,0,0,0,0,0,0.000000,0.000000,0.000000
,0,0,0,0,0,0.000000,0.000000,0.000000
,0,0,0,0,0,0.000000,0.000000,0.000000
203.75,0,21,20,-1,0,0.000000,0.000000,0.000000
,0,0,0,0,0,0.000000,0.000000,0.000000
,0,0,0,0,0,0.000000,0.000000,0.000000
,0,0,0,0,0,0.000000,0.000000,0.000000
,0,0,0,0,0,0.000000,0.000000,0.000000
,0,0,0,0,0,0.000000,0.000000,0.000000
,0,0,0,0,0,0.000000,0.000000,0.000000
,0,0,0,0,0,0.000000,0.000000,0.000000
,0,0,0,0,0,0.000000,0.000000,0.000000
,0,0,0,0,0,0.000000,0.000000,0.000000
203.8,0,21,20,-1,0,0.000000,0.000000,0.000000
,0,0,0,0,0,0.000000,0.000000,0.000000
,0,0,0,0,0,0.000000,0.000000,0.000000
,0,0,0,0,0,0.000000,0.000000,0.000000
,0,0,0,0,0,0.000000,0.000000,0.000000
,0,0,0,0,0,0.000000,0.000000,0.000000
,0,0,0,0,0,0.000000,0.000000,0.000000
,0,0,0,0,0,0.000000,0.000000,0.000000
,0,0,0,0,0,0.000000,0.000000,0.000000
,0,0,0,0,0,0.000000,0.000000,0.000000
203.85,0,21,20,-1,0,0.000000,0.000000,0.000000
,0,0,0,0,0,0.000000,0.000000,0.000000
,0,0,0,0,0,0.000000,0.000000,0.000000
,0,0,0,0,0,0.000000,0.000000,0.000000
,0,0,0,0,0,0.000000,0.000000,0.000000
,0,0,0,0,0,0.000000,0.000000,0.000000
,0,0,0,0,0,0.000000,0.000000,0.000000
,0,0,0,0,0,0.000000,0.000000,0.000000
,0,0,0,0,0,0.000000,0.000000,0.000000
,0,0,0,0,0,0.000000,0.000000,0.000000
203.9,0,23,22,-1,0,0.323260,0.000000,0.023866
,0,0,0,0,0,0.000000,0.000000,0.000000
,0,0,0,0,0,0.000000,0.000000,0.000000
,0,0,0,0,0,0.000000,0.000000,0.000000
,0,0,0,0,0,0.000000,0.000000,0.000000
,0,0,0,0,0,0.000000,0.000000,0.000000
,0,0,0,0,0,0.000000,0.000000,0.000000
,0,0,0,0,0,0.000000,0.000000,0.000000
,0,0,0,0,0,0.000000,0.000000,0.000000
,0,0,0,0,0,0.000000,0.000000,0.000000
203.95,0,23,22,-1,0,0.000000,0.000000,0.000000
,0,0,0,0,0,0.000000,0.000000,0.000000
,0,0,0,0,0,0.000000,0.000000,0.000000
,0,0,0,0,0,0.000000,0.000000,0.000000
,0,0,0,0,0,0.000000,0.000000,0.000000
,0,0,0,0,0,0.000000,0.000000,0.000000
,0,0,0,0,0,0.000000,0.000000,0.000000
,0,0,0,0,0,0.000000,0.000000,0.000000
,0,0,0,0,0,0.000000,0.000000,0.000000
,0,0,0,0,0,0.000000,0.000000,0.000000
204,0,24,23,-1,0,0.075433,0.000000,0.013472
,0,0,0,0,0,0.000000,0.000000,0.000000
,0,0,0,0,0,0.000000,0.000000,0.000000
,0,0,0,0,0,0.000000,0.000000,0.000000
,0,0,0,0,0,0.000000,0.000000,0.000000
,0,0,0,0,0,0.000000,0.000000,0.000000
,0,0,0,0,0,0.000000,0.000000,0.000000
,0,0,0,0,0,0.000000,0.000000,0.000000
,0,0,0,0,0,0.000000,0.000000,0.000000
,0,0,0,0,0,0.000000,0.000000,0.000000
204.05,0,24,23,-1,0,0.000000,0.000000,0.000000
,0,0,0,0,0,0.000000,0.000000,0.000000
,0,0,0,0,0,0.000000,0.000000,0.000000
,0,0,0,0,0,0.000000,0.000000,0.000000
,0,0,0,0,0,0.000000,0.000000,0.000000
,0,0,0,0,0,0.000000,0.000000,0.000000
,0,0,0,0,0,0.000000,0.000000,0.000000
,0,0,0,0,0,0.000000,0.000000,0.000000
,0,0,0,0,0,0.000000,0.000000,0.000000
,0,0,0,0,0,0.000000,0.000000,0.000000
204.1,0,26,25,-1,0,0.050173,0.000000,0.010559
,0,0,0,0,0,0.000000,0.000000,0.000000
,0,0,0,0,0,0.000000,0.000000,0.000000
,0,0,0,0,0,0.000000,0.000000,0.000000
,0,0,0,0,0,0.000000,0.000000,0.000000
,0,0,0,0,0,0.000000,0.000000,0.000000
,0,0,0,0,0,0.000000,0.000000,0.000000
,0,0,0,0,0,0.000000,0.000000,0.000000
,0,0,0,0,0,0.000000,0.000000,0.000000
,0,0,0,0,0,0.000000,0.000000,0.000000
204.15,0,26,25,-1,0,0.000000,0.000000,0.000000
,0,0,0,0,0,0.000000,0.000000,0.000000
,0,0,0,0,0,0.000000,0.000000,0.000000
,0,0,0,0,0,0.000000,0.000000,0.000000
,0,0,0,0,0,0.000000,0.000000,0.000000
,0,0,0,0,0,0.000000,0.000000,0.000000
,0,0,0,0,0,0.000000,0.000000,0.000000
,0,0,0,0,0,0.000000,0.000000,0.000000
,0,0,0,0,0,0.000000,0.000000,0.000000
,0,0,0,0,0,0.000000,0.000000,0.000000
204.2,0,27,26,-1,0,0.217122,0.000000,0.021024
,0,0,0,0,0,0.000000,0.000000,0.000000
,0,0,0,0,0,0.000000,0.000000,0.000000
,0,0,0,0,0,0.000000,0.000000,0.000000
,0,0,0,0,0,0.000000,0.000000,0.000000
,0,0,0,0,0,0.000000,0.000000,0.000000
,0,0,0,0,0,0.000000,0.000000,0.000000
,0,0,0,0,0,0.000000,0.000000,0.000000
,0,0,0,0,0,0.000000,0.000000,0.000000
,0,0,0,0,0,0.000000,0.000000,0.000000
204.25,0,27,26,-1,0,0.000000,0.000000,0.000000
,0,0,0,0,0,0.000000,0.000000,0.000000
,0,0,0,0,0,0.000000,0.000000,0.000000
,0,0,0,0,0,0.000000,0.000000,0.000000
,0,0,0,0,0,0.000000,0.000000,0.000000
,0,0,0,0,0,0.000000,0.000000,0.000000
,0,0,0,0,0,0.000000,0.000000,0.000000
,0,0,0,0,0,0.000000,0.000000,0.000000
,0,0,0,0,0,0.000000,0.000000,0.000000
,0,0,0,0,0,0.000000,0.000000,0.000000
204.3,0,28,27,-1,0,0.050752,0.000000,0.010641
,0,0,0,0,0,0.000000,0.000000,0.000000
,0,0,0,0,0,0.000000,0.000000,0.000000
,0,0,0,0,0,0.000000,0.000000,0.000000
,0,0,0,0,0,0.000000,0.000000,0.000000
,0,0,0,0,0,0.000000,0.000000,0.000000
,0,0,0,0,0,0.000000,0.000000,0.000000
,0,0,0,0,0,0.000000,0.000000,0.000000
,0,0,0,0,0,0.000000,0.000000,0.000000
,0,0,0,0,0,0.000000,0.000000,0.000000
204.35,0,28,27,-1,0,0.000000,0.000000,0.000000
,0,0,0,0,0,0.000000,0.000000,0.000000
,0,0,0,0,0,0.000000,0.000000,0.000000
,0,0,0,0,0,0.000000,0.000000,0.000000
,0,0,0,0,0,0.000000,0.000000,0.000000
,0,0,0,0,0,0.000000,0.000000,0.000000
,0,0,0,0,0,0.000000,0.000000,0.000000
,0,0,0,0,0,0.000000,0.000000,0.000000
,0,0,0,0,0,0.000000,0.000000,0.000000
,0,0,0,0,0,0.000000,0.000000,0.000000
204.4,0,29,28,-1,0,0.111976,0.000000,0.016294
,0,0,0,0,0,0.000000,0.000000,0.000000
,0,0,0,0,0,0.000000,0.000000,0.000000
,0,0,0,0,0,0.000000,0.000000,0.000000
,0,0,0,0,0,0.000000,0.000000,0.000000
,0,0,0,0,0,0.000000,0.000000,0.000000
,0,0,0,0,0,0.000000,0.000000,0.000000
,0,0,0,0,0,0.000000,0.000000,0.000000
,0,0,0,0,0,0.000000,0.000000,0.000000
,0,0,0,0,0,0.000000,0.000000,0.000000
204.45,0,29,28,-1,0,0.000000,0.000000,0.000000
,0,0,0,0,0,0.000000,0.000000,0.000000
,0,0,0,0,0,0.000000,0.000000,0.000000
,0,0,0,0,0,0.000000,0.000000,0.000000
,0,0,0,0,0,0.000000,0.000000,0.000000
,0,0,0,0,0,0.000000,0.000000,0.000000
,0,0,0,0,0,0.000000,0.000000,0.000000
,0,0,0,0,0,0.000000,0.000000,0.000000
,0,0,0,0,0,0.000000,0.000000,0.000000
,0,0,0,0,0,0.000000,0.000000,0.000000
204.5,0,30,29,-1,0,0.149118,0.000000,0.018340
,0,0,0,0,0,0.000000,0.000000,0.000000
,0,0,0,0,0,0.000000,0.000000,0.000000
,0,0,0,0,0,0.000000,0.000000,0.000000
,0,0,0,0,0,0.000000,0.000000,0.000000
,0,0,0,0,0,0.000000,0.000000,0.000000
,0,0,0,0,0,0.000000,0.000000,0.000000
,0,0,0,0,0,0.000000,0.000000,0.000000
,0,0,0,0,0,0.000000,0.000000,0.000000
,0,0,0,0,0,0.000000,0.000000,0.000000
204.55,0,30,29,-1,0,0.000000,0.000000,0.000000
,0,0,0,0,0,0.000000,0.000000,0.000000
,0,0,0,0,0,0.000000,0.000000,0.000000
,0,0,0,0,0,0.000000,0.000000,0.000000
,0,0,0,0,0,0.000000,0.000000,0.000000
,0,0,0,0,0,0.000000,0.000000,0.000000
,0,0,0,0,0,0.000000,0.000000,0.000000
,0,0,0,0,0,0.000000,0.000000,0.000000
,0,0,0,0,0,0.000000,0.000000,0.000000
,0,0,0,0,0,0.000000,0.000000,0.000000
204.6,0,31,30,-1,0,0.143752,0.000000,0.018078
,0,0,0,0,0,0.000000,0.000000,0.000000
,0,0,0,0,0,0.000000,0.000000,0.000000
,0,0,0,0,0,0.000000,0.000000,0.000000
,0,0,0,0,0,0.000000,0.000000,0.000000
,0,0,0,0,0,0.000000,0.000000,0.000000
,0,0,0,0,0,0.000000,0.000000,0.000000
,0,0,0,0,0,0.000000,0.000000,0.000000
,0,0,0,0,0,0.000000,0.000000,0.000000
,0,0,0,0,0,0.000000,0.000000,0.000000
204.65,0,32,31,-1,0,0.218961,0.000000,0.021084
,0,0,0,0,0,0.000000,0.000000,0.000000
,0,0,0,0,0,0.000000,0.000000,0.000000
,0,0,0,0,0,0.000000,0.000000,0.000000
,0,0,0,0,0,0.000000,0.000000,0.000000
,0,0,0,0,0,0.000000,0.000000,0.000000
,0,0,0,0,0,0.000000,0.000000,0.000000
,0,0,0,0,0,0.000000,0.000000,0.000000
,0,0,0,0,0,0.000000,0.000000,0.000000
,0,0,0,0,0,0.000000,0.000000,0.000000
204.7,0,33,32,-1,0,0.036678,0.000000,0.008321
,0,0,0,0,0,0.000000,0.000000,0.000000
,0,0,0,0,0,0.000000,0.000000,0.000000
,0,0,0,0,0,0.000000,0.000000,0.000000
,0,0,0,0,0,0.000000,0.000000,0.000000
,0,0,0,0,0,0.000000,0.000000,0.000000
,0,0,0,0,0,0.000000,0.000000,0.000000
,0,0,0,0,0,0.000000,0.000000,0.000000
,0,0,0,0,0,0.000000,0.000000,0.000000
,0,0,0,0,0,0.000000,0.000000,0.000000
204.75,0,33,32,-1,0,0.000000,0.000000,0.000000
,0,0,0,0,0,0.000000,0.000000,0.000000
,0,0,0,0,0,0.000000,0.000000,0.000000
,0,0,0,0,0,0.000000,0.000000,0.000000
,0,0,0,0,0,0.000000,0.000000,0.000000
,0,0,0,0,0,0.000000,0.000000,0.000000
,0,0,0,0,0,0.000000,0.000000,0.000000
,0,0,0,0,0,0.000000,0.000000,0.000000
,0,0,0,0,0,0.000000,0.000000,0.000000
,0,0,0,0,0,0.000000,0.000000,0.000000
204.8,0,33,32,-1,0,0.000000,0.000000,0.000000
,0,0,0,0,0,0.000000,0.000000,0.000000
,0,0,0,0,0,0.000000,0.000000,0.000000
,0,0,0,0,0,0.000000,0.000000,0.000000
,0,0,0,0,0,0.000000,0.000000,0.000000
,0,0,0,0,0,0.000000,0.000000,0.000000
,0,0,0,0,0,0.000000,0.000000,0.000000
,0,0,0,0,0,0.000000,0.000000,0.000000
,0,0,0,0,0,0.000000,0.000000,0.000000
,0,0,0,0,0,0.000000,0.000000,0.000000
204.85,0,34,33,-1,0,0.193615,0.000000,0.020205
,0,0,0,0,0,0.000000,0.000000,0.000000
,0,0,0,0,0,0.000000,0.000000,0.000000
,0,0,0,0,0,0.000000,0.000000,0.000000
,0,0,0,0,0,0.000000,0.000000,0.000000
,0,0,0,0,0,0.000000,0.000000,0.000000
,0,0,0,0,0,0.000000,0.000000,0.000000
,0,0,0,0,0,0.000000,0.000000,0.000000
,0,0,0,0,0,0.000000,0.000000,0.000000
,0,0,0,0,0,0.000000,0.000000,0.000000
204.9,0,34,33,-1,0,0.000000,0.000000,0.000000
,0,0,0,0,0,0.000000,0.000000,0.000000
,0,0,0,0,0,0.000000,0.000000,0.000000
,0,0,0,0,0,0.000000,0.000000,0.000000
,0,0,0,0,0,0.000000,0.000000,0.000000
,0,0,0,0,0,0.000000,0.000000,0.000000
,0,0,0,0,0,0.000000,0.000000,0.000000
,0,0,0,0,0,0.000000,0.000000,0.000000
,0,0,0,0,0,0.000000,0.000000,0.000000
,0,0,0,0,0,0.000000,0.000000,0.000000
204.95,0,34,33,-1,0,0.000000,0.000000,0.000000
,0,0,0,0,0,0.000000,0.000000,0.000000
,0,0,0,0,0,0.000000,0.000000,0.000000
,0,0,0,0,0,0.000000,0.000000,0.000000
,0,0,0,0,0,0.000000,0.000000,0.000000
,0,0,0,0,0,0.000000,0.000000,0.000000
,0,0,0,0,0,0.000000,0.000000,0.000000
,0,0,0,0,0,0.000000,0.000000,0.000000
,0,0,0,0,0,0.000000,0.000000,0.000000
,0,0,0,0,0,0.000000,0.000000,0.000000
205,0,35,34,-1,0,0.074786,0.000000,0.013410
,0,0,0,0,0,0.000000,0.000000,0.000000
,0,0,0,0,0,0.000000,0.000000,0.000000
,0,0,0,0,0,0.000000,0.000000,0.000000
,0,0,0,0,0,0.000000,0.000000,0.000000
,0,0,0,0,0,0.000000,0.000000,0.000000
,0,0,0,0,0,0.000000,0.000000,0.000000
,0,0,0,0,0,0.000000,0.000000,0.000000
,0,0,0,0,0,0.000000,0.000000,0.000000
,0,0,0,0,0,0.000000,0.000000,0.000000
205.05,0,35,34,-1,0,0.000000,0.000000,0.000000
,0,0,0,0,0,0.000000,0.000000,0.000000
,0,0,0,0,0,0.000000,0.000000,0.000000
,0,0,0,0,0,0.000000,0.000000,0.000000
,0,0,0,0,0,0.000000,0.000000,0.000000
,0,0,0,0,0,0.000000,0.000000,0.000000
,0,0,0,0,0,0.000000,0.000000,0.000000
,0,0,0,0,0,0.000000,0.000000,0.000000
,0,0,0,0,0,0.000000,0.000000,0.000000
,0,0,0,0,0,0.000000,0.000000,0.000000
205.1,0,36,34,-1,0,0.091175,0.000000,0.014826
,0,0,0,0,0,0.000000,0.000000,0.000000
,0,0,0,0,0,0.000000,0.000000,0.000000
,0,0,0,0,0,0.000000,0.000000,0.000000
,0,0,0,0,0,0.000000,0.000000,0.000000
,0,0,0,0,0,0.000000,0.000000,0.000000
,0,0,0,0,0,0.000000,0.000000,0.000000
,0,0,0,0,0,0.000000,0.000000,0.000000
,0,0,0,0,0,0.000000,0.000000,0.000000
,0,0,0,0,0,0.000000,0.000000,0.000000
205.15,0,38,36,-1,0,0.107154,0.000000,0.015979
,0,0,0,0,0,0.000000,0.000000,0.000000
,0,0,0,0,0,0.000000,0.000000,0.000000
,0,0,0,0,0,0.000000,0.000000,0.000000
,0,0,0,0,0,0.000000,0.000000,0.000000
,0,0,0,0,0,0.000000,0.000000,0.000000
,0,0,0,0,0,0.000000,0.000000,0.000000
,0,0,0,0,0,0.000000,0.000000,0.000000
,0,0,0,0,0,0.000000,0.000000,0.000000
,0,0,0,0,0,0.000000,0.000000,0.000000
205.2,0,39,37,-1,0,0.101531,0.000000,0.015594
,0,0,0,0,0,0.000000,0.000000,0.000000
,0,0,0,0,0,0.000000,0.000000,0.000000
,0,0,0,0,0,0.000000,0.000000,0.000000
,0,0,0,0,0,0.000000,0.000000,0.000000
,0,0,0,0,0,0.000000,0.000000,0.000000
,0,0,0,0,0,0.000000,0.000000,0.000000
,0,0,0,0,0,0.000000,0.000000,0.000000
,0,0,0,0,0,0.000000,0.000000,0.000000
,0,0,0,0,0,0.000000,0.000000,0.000000
205.25,0,39,37,-1,0,0.000000,0.000000,0.000000
,0,0,0,0,0,0.000000,0.000000,0.000000
,0,0,0,0,0,0.000000,0.000000,0.000000
,0,0,0,0,0,0.000000,0.000000,0.000000
,0,0,0,0,0,0.000000,0.000000,0.000000
,0,0,0,0,0,0.000000,0.000000,0.000000
,0,0,0,0,0,0.000000,0.000000,0.000000
,0,0,0,0,0,0.000000,0.000000,0.000000
,0,0,0,0,0,0.000000,0.000000,0.000000
,0,0,0,0,0,0.000000,0.000000,0.000000
205.3,0,39,37,-1,0,0.000000,0.000000,0.000000
,0,0,0,0,0,0.000000,0.000000,0.000000
,0,0,0,0,0,0.000000,0.000000,0.000000
,0,0,0,0,0,0.000000,0.000000,0.000000
,0,0,0,0,0,0.000000,0.000000,0.000000
,0,0,0,0,0,0.000000,0.000000,0.000000
,0,0,0,0,0,0.000000,0.000000,0.000000
,0,0,0,0,0,0.000000,0.000000,0.000000
,0,0,0,0,0,0.000000,0.000000,0.000000
,0,0,0,0,0,0.000000,0.000000,0.000000
205.35,0,39,37,-1,0,0.000000,0.000000,0.000000
,0,0,0,0,0,0.000000,0.000000,0.000000
,0,0,0,0,0,0.000000,0.000000,0.000000
,0,0,0,0,0,0.000000,0.000000,0.000000
,0,0,0,0,0,0.000000,0.000000,0.000000
,0,0,0,0,0,0.000000,0.000000,0.000000
,0,0,0,0,0,0.000000,0.000000,0.000000
,0,0,0,0,0,0.000000,0.000000,0.000000
,0,0,0,0,0,0.000000,0.000000,0.000000
,0,0,0,0,0,0.000000,0.000000,0.000000
205.4,0,40,38,-1,0,0.216737,0.000000,0.021011
,0,0,0,0,0,0.000000,0.000000,0.000000
,0,0,0,0,0,0.000000,0.000000,0.000000
,0,0,0,0,0,0.000000,0.000000,0.000000
,0,0,0,0,0,0.000000,0.000000,0.000000
,0,0,0,0,0,0.000000,0.000000,0.000000
,0,0,0,0,0,0.000000,0.000000,0.000000
,0,0,0,0,0,0.000000,0.000000,0.000000
,0,0,0,0,0,0.000000,0.000000,0.000000
,0,0,0,0,0,0.000000,0.000000,0.000000
205.45,0,41,39,-1,0,0.109947,0.000000,0.016163
,0,0,0,0,0,0.000000,0.000000,0.000000
,0,0,0,0,0,0.000000,0.000000,0.000000
,0,0,0,0,0,0.000000,0.000000,0.000000
,0,0,0,0,0,0.000000,0.000000,0.000000
,0,0,0,0,0,0.000000,0.000000,0.000000
,0,0,0,0,0,0.000000,0.000000,0.000000
,0,0,0,0,0,0.000000,0.000000,0.000000
,0,0,0,0,0,0.000000,0.000000,0.000000
,0,0,0,0,0,0.000000,0.000000,0.000000
205.5,0,42,40,-1,0,0.109510,0.000000,0.016135
,0,0,0,0,0,0.000000,0.000000,0.000000
,0,0,0,0,0,0.000000,0.000000,0.000000
,0,0,0,0,0,0.000000,0.000000,0.000000
,0,0,0,0,0,0.000000,0.000000,0.000000
,0,0,0,0,0,0.000000,0.000000,0.000000
,0,0,0,0,0,0.000000,0.000000,0.000000
,0,0,0,0,0,0.000000,0.000000,0.000000
,0,0,0,0,0,0.000000,0.000000,0.000000
,0,0,0,0,0,0.000000,0.000000,0.000000
205.55,0,43,41,-1,0,0.200456,0.000000,0.020453
,0,0,0,0,0,0.000000,0.000000,0.000000
,0,0,0,0,0,0.000000,0.000000,0.000000
,0,0,0,0,0,0.000000,0.000000,0.000000
,0,0,0,0,0,0.000000,0.000000,0.000000
,0,0,0,0,0,0.000000,0.000000,0.000000
,0,0,0,0,0,0.000000,0.000000,0.000000
,0,0,0,0,0,0.000000,0.000000,0.000000
,0,0,0,0,0,0.000000,0.000000,0.000000
,0,0,0,0,0,0.000000,0.000000,0.000000
205.6,0,44,41,-1,0,0.192139,0.000000,0.020150
,0,0,0,0,0,0.000000,0.000000,0.000000
,0,0,0,0,0,0.000000,0.000000,0.000000
,0,0,0,0,0,0.000000,0.000000,0.000000
,0,0,0,0,0,0.000000,0.000000,0.000000
,0,0,0,0,0,0.000000,0.000000,0.000000
,0,0,0,0,0,0.000000,0.000000,0.000000
,0,0,0,0,0,0.000000,0.000000,0.000000
,0,0,0,0,0,0.000000,0.000000,0.000000
,0,0,0,0,0,0.000000,0.000000,0.000000
205.65,0,44,41,-1,0,0.000000,0.000000,0.000000
,0,0,0,0,0,0.000000,0.000000,0.000000
,0,0,0,0,0,0.000000,0.000000,0.000000
,0,0,0,0,0,0.000000,0.000000,0.000000
,0,0,0,0,0,0.000000,0.000000,0.000000
,0,0,0,0,0,0.000000,0.000000,0.000000
,0,0,0,0,0,0.000000,0.000000,0.000000
,0,0,0,0,0,0.000000,0.000000,0.000000
,0,0,0,0,0,0.000000,0.000000,0.000000
,0,0,0,0,0,0.000000,0.000000,0.000000
205.7,0,44,41,-1,0,0.000000,0.000000,0.000000
,0,0,0,0,0,0.000000,0.000000,0.000000
,0,0,0,0,0,0.000000,0.000000,0.000000
,0,0,0,0,0,0.000000,0.000000,0.000000
,0,0,0,0,0,0.000000,0.000000,0.000000
,0,0,0,0,0,0.000000,0.000000,0.000000
,0,0,0,0,0,0.000000,0.000000,0.000000
,0,0,0,0,0,0.000000,0.000000,0.000000
,0,0,0,0,0,0.000000,0.000000,0.000000
,0,0,0,0,0,0.000000,0.000000,0.000000
205.75,1,46,43,-1,0,0.172473,0.000000,0.019379
,0,0,0,0,0,0.000000,0.000000,0.000000
,0,0,0,0,0,0.000000,0.000000,0.000000
,0,0,0,0,0,0.000000,0.000000,0.000000
,0,0,0,0,0,0.000000,0.000000,0.000000
,0,0,0,0,0,0.000000,0.000000,0.000000
,0,0,0,0,0,0.000000,0.000000,0.000000
,0,0,0,0,0,0.000000,0.000000,0.000000
,0,0,0,0,0,0.000000,0.000000,0.000000
,0,0,0,0,0,0.000000,0.000000,0.000000
205.8,1,47,44,-1,0,0.256952,0.000000,0.022227
,0,0,0,0,0,0.000000,0.000000,0.000000
,0,0,0,0,0,0.000000,0.000000,0.000000
,0,0,0,0,0,0.000000,0.000000,0.000000
,0,0,0,0,0,0.000000,0.000000,0.000000
,0,0,0,0,0,0.000000,0.000000,0.000000
,0,0,0,0,0,0.000000,0.000000,0.000000
,0,0,0,0,0,0.000000,0.000000,0.000000
,0,0,0,0,0,0.000000,0.000000,0.000000
,0,0,0,0,0,0.000000,0.000000,0.000000
205.85,1,47,44,-1,0,0.000000,0.000000,0.000000
,0,0,0,0,0,0.000000,0.000000,0.000000
,0,0,0,0,0,0.000000,0.000000,0.000000
,0,0,0,0,0,0.000000,0.000000,0.000000
,0,0,0,0,0,0.000000,0.000000,0.000000
,0,0,0,0,0,0.000000,0.000000,0.000000
,0,0,0,0,0,0.000000,0.000000,0.000000
,0,0,0,0,0,0.000000,0.000000,0.000000
,0,0,0,0,0,0.000000,0.000000,0.000000
,0,0,0,0,0,0.000000,0.000000,0.000000
