time, tCompleted, tStarted, tForwarded, currentTransactions, tFailed, tTimedout, nDelay, cDelay, osDelay
1.05,0,0,0,-1,0,0.000000,0.000000,0.000000
,0,0,0,0,0,0.000000,0.000000,0.000000
,0,0,0,0,0,0.000000,0.000000,0.000000
,0,0,0,0,0,0.000000,0.000000,0.000000
,0,0,0,0,0,0.000000,0.000000,0.000000
,0,0,0,0,0,0.000000,0.000000,0.000000
,0,0,0,0,0,0.000000,0.000000,0.000000
,0,0,0,0,0,0.000000,0.000000,0.000000
,0,0,0,0,0,0.000000,0.000000,0.000000
,0,0,0,0,0,0.000000,0.000000,0.000000
1.1,0,0,0,-1,0,0.000000,0.000000,0.000000
,0,0,0,0,0,0.000000,0.000000,0.000000
,0,0,0,0,0,0.000000,0.000000,0.000000
,0,0,0,0,0,0.000000,0.000000,0.000000
,0,0,0,0,0,0.000000,0.000000,0.000000
,0,0,0,0,0,0.000000,0.000000,0.000000
,0,0,0,0,0,0.000000,0.000000,0.000000
,0,0,0,0,0,0.000000,0.000000,0.000000
,0,0,0,0,0,0.000000,0.000000,0.000000
,0,0,0,0,0,0.000000,0.000000,0.000000
1.15,0,0,0,-1,0,0.000000,0.000000,0.000000
,0,0,0,0,0,0.000000,0.000000,0.000000
,0,0,0,0,0,0.000000,0.000000,0.000000
,0,0,0,0,0,0.000000,0.000000,0.000000
,0,0,0,0,0,0.000000,0.000000,0.000000
,0,0,0,0,0,0.000000,0.000000,0.000000
,0,0,0,0,0,0.000000,0.000000,0.000000
,0,0,0,0,0,0.000000,0.000000,0.000000
,0,0,0,0,0,0.000000,0.000000,0.000000
,0,0,0,0,0,0.000000,0.000000,0.000000
1.2,0,0,0,-1,0,0.000000,0.000000,0.000000
,0,0,0,0,0,0.000000,0.000000,0.000000
,0,0,0,0,0,0.000000,0.000000,0.000000
,0,0,0,0,0,0.000000,0.000000,0.000000
,0,0,0,0,0,0.000000,0.000000,0.000000
,0,0,0,0,0,0.000000,0.000000,0.000000
,0,0,0,0,0,0.000000,0.000000,0.000000
,0,0,0,0,0,0.000000,0.000000,0.000000
,0,0,0,0,0,0.000000,0.000000,0.000000
,0,0,0,0,0,0.000000,0.000000,0.000000
1.25,0,0,0,-1,0,0.000000,0.000000,0.000000
,0,0,0,0,0,0.000000,0.000000,0.000000
,0,0,0,0,0,0.000000,0.000000,0.000000
,0,0,0,0,0,0.000000,0.000000,0.000000
,0,0,0,0,0,0.000000,0.000000,0.000000
,0,0,0,0,0,0.000000,0.000000,0.000000
,0,0,0,0,0,0.000000,0.000000,0.000000
,0,0,0,0,0,0.000000,0.000000,0.000000
,0,0,0,0,0,0.000000,0.000000,0.000000
,0,0,0,0,0,0.000000,0.000000,0.000000
1.3,0,0,0,-1,0,0.000000,0.000000,0.000000
,0,0,0,0,0,0.000000,0.000000,0.000000
,0,0,0,0,0,0.000000,0.000000,0.000000
,0,0,0,0,0,0.000000,0.000000,0.000000
,0,0,0,0,0,0.000000,0.000000,0.000000
,0,0,0,0,0,0.000000,0.000000,0.000000
,0,0,0,0,0,0.000000,0.000000,0.000000
,0,0,0,0,0,0.000000,0.000000,0.000000
,0,0,0,0,0,0.000000,0.000000,0.000000
,0,0,0,0,0,0.000000,0.000000,0.000000
1.35,0,0,0,-1,0,0.000000,0.000000,0.000000
,0,0,0,0,0,0.000000,0.000000,0.000000
,0,0,0,0,0,0.000000,0.000000,0.000000
,0,0,0,0,0,0.000000,0.000000,0.000000
,0,0,0,0,0,0.000000,0.000000,0.000000
,0,0,0,0,0,0.000000,0.000000,0.000000
,0,0,0,0,0,0.000000,0.000000,0.000000
,0,0,0,0,0,0.000000,0.000000,0.000000
,0,0,0,0,0,0.000000,0.000000,0.000000
,0,0,0,0,0,0.000000,0.000000,0.000000
1.4,0,0,0,-1,0,0.000000,0.000000,0.000000
,0,0,0,0,0,0.000000,0.000000,0.000000
,0,0,0,0,0,0.000000,0.000000,0.000000
,0,0,0,0,0,0.000000,0.000000,0.000000
,0,0,0,0,0,0.000000,0.000000,0.000000
,0,0,0,0,0,0.000000,0.000000,0.000000
,0,0,0,0,0,0.000000,0.000000,0.000000
,0,0,0,0,0,0.000000,0.000000,0.000000
,0,0,0,0,0,0.000000,0.000000,0.000000
,0,0,0,0,0,0.000000,0.000000,0.000000
1.45,0,0,0,-1,0,0.000000,0.000000,0.000000
,0,0,0,0,0,0.000000,0.000000,0.000000
,0,0,0,0,0,0.000000,0.000000,0.000000
,0,0,0,0,0,0.000000,0.000000,0.000000
,0,0,0,0,0,0.000000,0.000000,0.000000
,0,0,0,0,0,0.000000,0.000000,0.000000
,0,0,0,0,0,0.000000,0.000000,0.000000
,0,0,0,0,0,0.000000,0.000000,0.000000
,0,0,0,0,0,0.000000,0.000000,0.000000
,0,0,0,0,0,0.000000,0.000000,0.000000
1.5,0,0,0,-1,0,0.000000,0.000000,0.000000
,0,0,0,0,0,0.000000,0.000000,0.000000
,0,0,0,0,0,0.000000,0.000000,0.000000
,0,0,0,0,0,0.000000,0.000000,0.000000
,0,0,0,0,0,0.000000,0.000000,0.000000
,0,0,0,0,0,0.000000,0.000000,0.000000
,0,0,0,0,0,0.000000,0.000000,0.000000
,0,0,0,0,0,0.000000,0.000000,0.000000
,0,0,0,0,0,0.000000,0.000000,0.000000
,0,0,0,0,0,0.000000,0.000000,0.000000
1.55,0,0,0,-1,0,0.000000,0.000000,0.000000
,0,0,0,0,0,0.000000,0.000000,0.000000
,0,0,0,0,0,0.000000,0.000000,0.000000
,0,0,0,0,0,0.000000,0.000000,0.000000
,0,0,0,0,0,0.000000,0.000000,0.000000
,0,0,0,0,0,0.000000,0.000000,0.000000
,0,0,0,0,0,0.000000,0.000000,0.000000
,0,0,0,0,0,0.000000,0.000000,0.000000
,0,0,0,0,0,0.000000,0.000000,0.000000
,0,0,0,0,0,0.000000,0.000000,0.000000
1.6,0,0,0,-1,0,0.000000,0.000000,0.000000
,0,0,0,0,0,0.000000,0.000000,0.000000
,0,0,0,0,0,0.000000,0.000000,0.000000
,0,0,0,0,0,0.000000,0.000000,0.000000
,0,0,0,0,0,0.000000,0.000000,0.000000
,0,0,0,0,0,0.000000,0.000000,0.000000
,0,0,0,0,0,0.000000,0.000000,0.000000
,0,0,0,0,0,0.000000,0.000000,0.000000
,0,0,0,0,0,0.000000,0.000000,0.000000
,0,0,0,0,0,0.000000,0.000000,0.000000
1.65,0,0,0,-1,0,0.000000,0.000000,0.000000
,0,0,0,0,0,0.000000,0.000000,0.000000
,0,0,0,0,0,0.000000,0.000000,0.000000
,0,0,0,0,0,0.000000,0.000000,0.000000
,0,0,0,0,0,0.000000,0.000000,0.000000
,0,0,0,0,0,0.000000,0.000000,0.000000
,0,0,0,0,0,0.000000,0.000000,0.000000
,0,0,0,0,0,0.000000,0.000000,0.000000
,0,0,0,0,0,0.000000,0.000000,0.000000
,0,0,0,0,0,0.000000,0.000000,0.000000
1.7,0,0,0,-1,0,0.000000,0.000000,0.000000
,0,0,0,0,0,0.000000,0.000000,0.000000
,0,0,0,0,0,0.000000,0.000000,0.000000
,0,0,0,0,0,0.000000,0.000000,0.000000
,0,0,0,0,0,0.000000,0.000000,0.000000
,0,0,0,0,0,0.000000,0.000000,0.000000
,0,0,0,0,0,0.000000,0.000000,0.000000
,0,0,0,0,0,0.000000,0.000000,0.000000
,0,0,0,0,0,0.000000,0.000000,0.000000
,0,0,0,0,0,0.000000,0.000000,0.000000
1.75,0,0,0,-1,0,0.000000,0.000000,0.000000
,0,0,0,0,0,0.000000,0.000000,0.000000
,0,0,0,0,0,0.000000,0.000000,0.000000
,0,0,0,0,0,0.000000,0.000000,0.000000
,0,0,0,0,0,0.000000,0.000000,0.000000
,0,0,0,0,0,0.000000,0.000000,0.000000
,0,0,0,0,0,0.000000,0.000000,0.000000
,0,0,0,0,0,0.000000,0.000000,0.000000
,0,0,0,0,0,0.000000,0.000000,0.000000
,0,0,0,0,0,0.000000,0.000000,0.000000
1.8,0,0,0,-1,0,0.000000,0.000000,0.000000
,0,0,0,0,0,0.000000,0.000000,0.000000
,0,0,0,0,0,0.000000,0.000000,0.000000
,0,0,0,0,0,0.000000,0.000000,0.000000
,0,0,0,0,0,0.000000,0.000000,0.000000
,0,0,0,0,0,0.000000,0.000000,0.000000
,0,0,0,0,0,0.000000,0.000000,0.000000
,0,0,0,0,0,0.000000,0.000000,0.000000
,0,0,0,0,0,0.000000,0.000000,0.000000
,0,0,0,0,0,0.000000,0.000000,0.000000
1.85,0,0,0,-1,0,0.000000,0.000000,0.000000
,0,0,0,0,0,0.000000,0.000000,0.000000
,0,0,0,0,0,0.000000,0.000000,0.000000
,0,0,0,0,0,0.000000,0.000000,0.000000
,0,0,0,0,0,0.000000,0.000000,0.000000
,0,0,0,0,0,0.000000,0.000000,0.000000
,0,0,0,0,0,0.000000,0.000000,0.000000
,0,0,0,0,0,0.000000,0.000000,0.000000
,0,0,0,0,0,0.000000,0.000000,0.000000
,0,0,0,0,0,0.000000,0.000000,0.000000
1.9,0,0,0,-1,0,0.000000,0.000000,0.000000
,0,0,0,0,0,0.000000,0.000000,0.000000
,0,0,0,0,0,0.000000,0.000000,0.000000
,0,0,0,0,0,0.000000,0.000000,0.000000
,0,0,0,0,0,0.000000,0.000000,0.000000
,0,0,0,0,0,0.000000,0.000000,0.000000
,0,0,0,0,0,0.000000,0.000000,0.000000
,0,0,0,0,0,0.000000,0.000000,0.000000
,0,0,0,0,0,0.000000,0.000000,0.000000
,0,0,0,0,0,0.000000,0.000000,0.000000
1.95,0,0,0,-1,0,0.000000,0.000000,0.000000
,0,0,0,0,0,0.000000,0.000000,0.000000
,0,0,0,0,0,0.000000,0.000000,0.000000
,0,0,0,0,0,0.000000,0.000000,0.000000
,0,0,0,0,0,0.000000,0.000000,0.000000
,0,0,0,0,0,0.000000,0.000000,0.000000
,0,0,0,0,0,0.000000,0.000000,0.000000
,0,0,0,0,0,0.000000,0.000000,0.000000
,0,0,0,0,0,0.000000,0.000000,0.000000
,0,0,0,0,0,0.000000,0.000000,0.000000
2,0,0,0,-1,0,0.000000,0.000000,0.000000
,0,0,0,0,0,0.000000,0.000000,0.000000
,0,0,0,0,0,0.000000,0.000000,0.000000
,0,0,0,0,0,0.000000,0.000000,0.000000
,0,0,0,0,0,0.000000,0.000000,0.000000
,0,0,0,0,0,0.000000,0.000000,0.000000
,0,0,0,0,0,0.000000,0.000000,0.000000
,0,0,0,0,0,0.000000,0.000000,0.000000
,0,0,0,0,0,0.000000,0.000000,0.000000
,0,0,0,0,0,0.000000,0.000000,0.000000
2.05,0,0,0,-1,0,0.000000,0.000000,0.000000
,0,0,0,0,0,0.000000,0.000000,0.000000
,0,0,0,0,0,0.000000,0.000000,0.000000
,0,0,0,0,0,0.000000,0.000000,0.000000
,0,0,0,0,0,0.000000,0.000000,0.000000
,0,0,0,0,0,0.000000,0.000000,0.000000
,0,0,0,0,0,0.000000,0.000000,0.000000
,0,0,0,0,0,0.000000,0.000000,0.000000
,0,0,0,0,0,0.000000,0.000000,0.000000
,0,0,0,0,0,0.000000,0.000000,0.000000
2.1,0,0,0,-1,0,0.000000,0.000000,0.000000
,0,0,0,0,0,0.000000,0.000000,0.000000
,0,0,0,0,0,0.000000,0.000000,0.000000
,0,0,0,0,0,0.000000,0.000000,0.000000
,0,0,0,0,0,0.000000,0.000000,0.000000
,0,0,0,0,0,0.000000,0.000000,0.000000
,0,0,0,0,0,0.000000,0.000000,0.000000
,0,0,0,0,0,0.000000,0.000000,0.000000
,0,0,0,0,0,0.000000,0.000000,0.000000
,0,0,0,0,0,0.000000,0.000000,0.000000
2.15,0,0,0,-1,0,0.000000,0.000000,0.000000
,0,0,0,0,0,0.000000,0.000000,0.000000
,0,0,0,0,0,0.000000,0.000000,0.000000
,0,0,0,0,0,0.000000,0.000000,0.000000
,0,0,0,0,0,0.000000,0.000000,0.000000
,0,0,0,0,0,0.000000,0.000000,0.000000
,0,0,0,0,0,0.000000,0.000000,0.000000
,0,0,0,0,0,0.000000,0.000000,0.000000
,0,0,0,0,0,0.000000,0.000000,0.000000
,0,0,0,0,0,0.000000,0.000000,0.000000
2.2,0,0,0,-1,0,0.000000,0.000000,0.000000
,0,0,0,0,0,0.000000,0.000000,0.000000
,0,0,0,0,0,0.000000,0.000000,0.000000
,0,0,0,0,0,0.000000,0.000000,0.000000
,0,0,0,0,0,0.000000,0.000000,0.000000
,0,0,0,0,0,0.000000,0.000000,0.000000
,0,0,0,0,0,0.000000,0.000000,0.000000
,0,0,0,0,0,0.000000,0.000000,0.000000
,0,0,0,0,0,0.000000,0.000000,0.000000
,0,0,0,0,0,0.000000,0.000000,0.000000
2.25,0,0,0,-1,0,0.000000,0.000000,0.000000
,0,0,0,0,0,0.000000,0.000000,0.000000
,0,0,0,0,0,0.000000,0.000000,0.000000
,0,0,0,0,0,0.000000,0.000000,0.000000
,0,0,0,0,0,0.000000,0.000000,0.000000
,0,0,0,0,0,0.000000,0.000000,0.000000
,0,0,0,0,0,0.000000,0.000000,0.000000
,0,0,0,0,0,0.000000,0.000000,0.000000
,0,0,0,0,0,0.000000,0.000000,0.000000
,0,0,0,0,0,0.000000,0.000000,0.000000
2.3,0,0,0,-1,0,0.000000,0.000000,0.000000
,0,0,0,0,0,0.000000,0.000000,0.000000
,0,0,0,0,0,0.000000,0.000000,0.000000
,0,0,0,0,0,0.000000,0.000000,0.000000
,0,0,0,0,0,0.000000,0.000000,0.000000
,0,0,0,0,0,0.000000,0.000000,0.000000
,0,0,0,0,0,0.000000,0.000000,0.000000
,0,0,0,0,0,0.000000,0.000000,0.000000
,0,0,0,0,0,0.000000,0.000000,0.000000
,0,0,0,0,0,0.000000,0.000000,0.000000
2.35,0,0,0,-1,0,0.000000,0.000000,0.000000
,0,0,0,0,0,0.000000,0.000000,0.000000
,0,0,0,0,0,0.000000,0.000000,0.000000
,0,0,0,0,0,0.000000,0.000000,0.000000
,0,0,0,0,0,0.000000,0.000000,0.000000
,0,0,0,0,0,0.000000,0.000000,0.000000
,0,0,0,0,0,0.000000,0.000000,0.000000
,0,0,0,0,0,0.000000,0.000000,0.000000
,0,0,0,0,0,0.000000,0.000000,0.000000
,0,0,0,0,0,0.000000,0.000000,0.000000
2.4,0,0,0,-1,0,0.000000,0.000000,0.000000
,0,0,0,0,0,0.000000,0.000000,0.000000
,0,0,0,0,0,0.000000,0.000000,0.000000
,0,0,0,0,0,0.000000,0.000000,0.000000
,0,0,0,0,0,0.000000,0.000000,0.000000
,0,0,0,0,0,0.000000,0.000000,0.000000
,0,0,0,0,0,0.000000,0.000000,0.000000
,0,0,0,0,0,0.000000,0.000000,0.000000
,0,0,0,0,0,0.000000,0.000000,0.000000
,0,0,0,0,0,0.000000,0.000000,0.000000
2.45,0,0,0,-1,0,0.000000,0.000000,0.000000
,0,0,0,0,0,0.000000,0.000000,0.000000
,0,0,0,0,0,0.000000,0.000000,0.000000
,0,0,0,0,0,0.000000,0.000000,0.000000
,0,0,0,0,0,0.000000,0.000000,0.000000
,0,0,0,0,0,0.000000,0.000000,0.000000
,0,0,0,0,0,0.000000,0.000000,0.000000
,0,0,0,0,0,0.000000,0.000000,0.000000
,0,0,0,0,0,0.000000,0.000000,0.000000
,0,0,0,0,0,0.000000,0.000000,0.000000
2.5,0,0,0,-1,0,0.000000,0.000000,0.000000
,0,0,0,0,0,0.000000,0.000000,0.000000
,0,0,0,0,0,0.000000,0.000000,0.000000
,0,0,0,0,0,0.000000,0.000000,0.000000
,0,0,0,0,0,0.000000,0.000000,0.000000
,0,0,0,0,0,0.000000,0.000000,0.000000
,0,0,0,0,0,0.000000,0.000000,0.000000
,0,0,0,0,0,0.000000,0.000000,0.000000
,0,0,0,0,0,0.000000,0.000000,0.000000
,0,0,0,0,0,0.000000,0.000000,0.000000
2.55,0,0,0,-1,0,0.000000,0.000000,0.000000
,0,0,0,0,0,0.000000,0.000000,0.000000
,0,0,0,0,0,0.000000,0.000000,0.000000
,0,0,0,0,0,0.000000,0.000000,0.000000
,0,0,0,0,0,0.000000,0.000000,0.000000
,0,0,0,0,0,0.000000,0.000000,0.000000
,0,0,0,0,0,0.000000,0.000000,0.000000
,0,0,0,0,0,0.000000,0.000000,0.000000
,0,0,0,0,0,0.000000,0.000000,0.000000
,0,0,0,0,0,0.000000,0.000000,0.000000
2.6,0,0,0,-1,0,0.000000,0.000000,0.000000
,0,0,0,0,0,0.000000,0.000000,0.000000
,0,0,0,0,0,0.000000,0.000000,0.000000
,0,0,0,0,0,0.000000,0.000000,0.000000
,0,0,0,0,0,0.000000,0.000000,0.000000
,0,0,0,0,0,0.000000,0.000000,0.000000
,0,0,0,0,0,0.000000,0.000000,0.000000
,0,0,0,0,0,0.000000,0.000000,0.000000
,0,0,0,0,0,0.000000,0.000000,0.000000
,0,0,0,0,0,0.000000,0.000000,0.000000
2.65,0,0,0,-1,0,0.000000,0.000000,0.000000
,0,0,0,0,0,0.000000,0.000000,0.000000
,0,0,0,0,0,0.000000,0.000000,0.000000
,0,0,0,0,0,0.000000,0.000000,0.000000
,0,0,0,0,0,0.000000,0.000000,0.000000
,0,0,0,0,0,0.000000,0.000000,0.000000
,0,0,0,0,0,0.000000,0.000000,0.000000
,0,0,0,0,0,0.000000,0.000000,0.000000
,0,0,0,0,0,0.000000,0.000000,0.000000
,0,0,0,0,0,0.000000,0.000000,0.000000
2.7,0,0,0,-1,0,0.000000,0.000000,0.000000
,0,0,0,0,0,0.000000,0.000000,0.000000
,0,0,0,0,0,0.000000,0.000000,0.000000
,0,0,0,0,0,0.000000,0.000000,0.000000
,0,0,0,0,0,0.000000,0.000000,0.000000
,0,0,0,0,0,0.000000,0.000000,0.000000
,0,0,0,0,0,0.000000,0.000000,0.000000
,0,0,0,0,0,0.000000,0.000000,0.000000
,0,0,0,0,0,0.000000,0.000000,0.000000
,0,0,0,0,0,0.000000,0.000000,0.000000
2.75,0,0,0,-1,0,0.000000,0.000000,0.000000
,0,0,0,0,0,0.000000,0.000000,0.000000
,0,0,0,0,0,0.000000,0.000000,0.000000
,0,0,0,0,0,0.000000,0.000000,0.000000
,0,0,0,0,0,0.000000,0.000000,0.000000
,0,0,0,0,0,0.000000,0.000000,0.000000
,0,0,0,0,0,0.000000,0.000000,0.000000
,0,0,0,0,0,0.000000,0.000000,0.000000
,0,0,0,0,0,0.000000,0.000000,0.000000
,0,0,0,0,0,0.000000,0.000000,0.000000
2.8,0,0,0,-1,0,0.000000,0.000000,0.000000
,0,0,0,0,0,0.000000,0.000000,0.000000
,0,0,0,0,0,0.000000,0.000000,0.000000
,0,0,0,0,0,0.000000,0.000000,0.000000
,0,0,0,0,0,0.000000,0.000000,0.000000
,0,0,0,0,0,0.000000,0.000000,0.000000
,0,0,0,0,0,0.000000,0.000000,0.000000
,0,0,0,0,0,0.000000,0.000000,0.000000
,0,0,0,0,0,0.000000,0.000000,0.000000
,0,0,0,0,0,0.000000,0.000000,0.000000
2.85,0,0,0,-1,0,0.000000,0.000000,0.000000
,0,0,0,0,0,0.000000,0.000000,0.000000
,0,0,0,0,0,0.000000,0.000000,0.000000
,0,0,0,0,0,0.000000,0.000000,0.000000
,0,0,0,0,0,0.000000,0.000000,0.000000
,0,0,0,0,0,0.000000,0.000000,0.000000
,0,0,0,0,0,0.000000,0.000000,0.000000
,0,0,0,0,0,0.000000,0.000000,0.000000
,0,0,0,0,0,0.000000,0.000000,0.000000
,0,0,0,0,0,0.000000,0.000000,0.000000
2.9,0,0,0,-1,0,0.000000,0.000000,0.000000
,0,0,0,0,0,0.000000,0.000000,0.000000
,0,0,0,0,0,0.000000,0.000000,0.000000
,0,0,0,0,0,0.000000,0.000000,0.000000
,0,0,0,0,0,0.000000,0.000000,0.000000
,0,0,0,0,0,0.000000,0.000000,0.000000
,0,0,0,0,0,0.000000,0.000000,0.000000
,0,0,0,0,0,0.000000,0.000000,0.000000
,0,0,0,0,0,0.000000,0.000000,0.000000
,0,0,0,0,0,0.000000,0.000000,0.000000
2.95,0,0,0,-1,0,0.000000,0.000000,0.000000
,0,0,0,0,0,0.000000,0.000000,0.000000
,0,0,0,0,0,0.000000,0.000000,0.000000
,0,0,0,0,0,0.000000,0.000000,0.000000
,0,0,0,0,0,0.000000,0.000000,0.000000
,0,0,0,0,0,0.000000,0.000000,0.000000
,0,0,0,0,0,0.000000,0.000000,0.000000
,0,0,0,0,0,0.000000,0.000000,0.000000
,0,0,0,0,0,0.000000,0.000000,0.000000
,0,0,0,0,0,0.000000,0.000000,0.000000
3,0,0,0,-1,0,0.000000,0.000000,0.000000
,0,0,0,0,0,0.000000,0.000000,0.000000
,0,0,0,0,0,0.000000,0.000000,0.000000
,0,0,0,0,0,0.000000,0.000000,0.000000
,0,0,0,0,0,0.000000,0.000000,0.000000
,0,0,0,0,0,0.000000,0.000000,0.000000
,0,0,0,0,0,0.000000,0.000000,0.000000
,0,0,0,0,0,0.000000,0.000000,0.000000
,0,0,0,0,0,0.000000,0.000000,0.000000
,0,0,0,0,0,0.000000,0.000000,0.000000
3.05,0,0,0,-1,0,0.000000,0.000000,0.000000
,0,0,0,0,0,0.000000,0.000000,0.000000
,0,0,0,0,0,0.000000,0.000000,0.000000
,0,0,0,0,0,0.000000,0.000000,0.000000
,0,0,0,0,0,0.000000,0.000000,0.000000
,0,0,0,0,0,0.000000,0.000000,0.000000
,0,0,0,0,0,0.000000,0.000000,0.000000
,0,0,0,0,0,0.000000,0.000000,0.000000
,0,0,0,0,0,0.000000,0.000000,0.000000
,0,0,0,0,0,0.000000,0.000000,0.000000
3.1,0,0,0,-1,0,0.000000,0.000000,0.000000
,0,0,0,0,0,0.000000,0.000000,0.000000
,0,0,0,0,0,0.000000,0.000000,0.000000
,0,0,0,0,0,0.000000,0.000000,0.000000
,0,0,0,0,0,0.000000,0.000000,0.000000
,0,0,0,0,0,0.000000,0.000000,0.000000
,0,0,0,0,0,0.000000,0.000000,0.000000
,0,0,0,0,0,0.000000,0.000000,0.000000
,0,0,0,0,0,0.000000,0.000000,0.000000
,0,0,0,0,0,0.000000,0.000000,0.000000
3.15,0,0,0,-1,0,0.000000,0.000000,0.000000
,0,0,0,0,0,0.000000,0.000000,0.000000
,0,0,0,0,0,0.000000,0.000000,0.000000
,0,0,0,0,0,0.000000,0.000000,0.000000
,0,0,0,0,0,0.000000,0.000000,0.000000
,0,0,0,0,0,0.000000,0.000000,0.000000
,0,0,0,0,0,0.000000,0.000000,0.000000
,0,0,0,0,0,0.000000,0.000000,0.000000
,0,0,0,0,0,0.000000,0.000000,0.000000
,0,0,0,0,0,0.000000,0.000000,0.000000
3.2,0,0,0,-1,0,0.000000,0.000000,0.000000
,0,0,0,0,0,0.000000,0.000000,0.000000
,0,0,0,0,0,0.000000,0.000000,0.000000
,0,0,0,0,0,0.000000,0.000000,0.000000
,0,0,0,0,0,0.000000,0.000000,0.000000
,0,0,0,0,0,0.000000,0.000000,0.000000
,0,0,0,0,0,0.000000,0.000000,0.000000
,0,0,0,0,0,0.000000,0.000000,0.000000
,0,0,0,0,0,0.000000,0.000000,0.000000
,0,0,0,0,0,0.000000,0.000000,0.000000
3.25,0,0,0,-1,0,0.000000,0.000000,0.000000
,0,0,0,0,0,0.000000,0.000000,0.000000
,0,0,0,0,0,0.000000,0.000000,0.000000
,0,0,0,0,0,0.000000,0.000000,0.000000
,0,0,0,0,0,0.000000,0.000000,0.000000
,0,0,0,0,0,0.000000,0.000000,0.000000
,0,0,0,0,0,0.000000,0.000000,0.000000
,0,0,0,0,0,0.000000,0.000000,0.000000
,0,0,0,0,0,0.000000,0.000000,0.000000
,0,0,0,0,0,0.000000,0.000000,0.000000
3.3,0,0,0,-1,0,0.000000,0.000000,0.000000
,0,0,0,0,0,0.000000,0.000000,0.000000
,0,0,0,0,0,0.000000,0.000000,0.000000
,0,0,0,0,0,0.000000,0.000000,0.000000
,0,0,0,0,0,0.000000,0.000000,0.000000
,0,0,0,0,0,0.000000,0.000000,0.000000
,0,0,0,0,0,0.000000,0.000000,0.000000
,0,0,0,0,0,0.000000,0.000000,0.000000
,0,0,0,0,0,0.000000,0.000000,0.000000
,0,0,0,0,0,0.000000,0.000000,0.000000
3.35,0,0,0,-1,0,0.000000,0.000000,0.000000
,0,0,0,0,0,0.000000,0.000000,0.000000
,0,0,0,0,0,0.000000,0.000000,0.000000
,0,0,0,0,0,0.000000,0.000000,0.000000
,0,0,0,0,0,0.000000,0.000000,0.000000
,0,0,0,0,0,0.000000,0.000000,0.000000
,0,0,0,0,0,0.000000,0.000000,0.000000
,0,0,0,0,0,0.000000,0.000000,0.000000
,0,0,0,0,0,0.000000,0.000000,0.000000
,0,0,0,0,0,0.000000,0.000000,0.000000
3.4,0,0,0,-1,0,0.000000,0.000000,0.000000
,0,0,0,0,0,0.000000,0.000000,0.000000
,0,0,0,0,0,0.000000,0.000000,0.000000
,0,0,0,0,0,0.000000,0.000000,0.000000
,0,0,0,0,0,0.000000,0.000000,0.000000
,0,0,0,0,0,0.000000,0.000000,0.000000
,0,0,0,0,0,0.000000,0.000000,0.000000
,0,0,0,0,0,0.000000,0.000000,0.000000
,0,0,0,0,0,0.000000,0.000000,0.000000
,0,0,0,0,0,0.000000,0.000000,0.000000
3.45,0,0,0,-1,0,0.000000,0.000000,0.000000
,0,0,0,0,0,0.000000,0.000000,0.000000
,0,0,0,0,0,0.000000,0.000000,0.000000
,0,0,0,0,0,0.000000,0.000000,0.000000
,0,0,0,0,0,0.000000,0.000000,0.000000
,0,0,0,0,0,0.000000,0.000000,0.000000
,0,0,0,0,0,0.000000,0.000000,0.000000
,0,0,0,0,0,0.000000,0.000000,0.000000
,0,0,0,0,0,0.000000,0.000000,0.000000
,0,0,0,0,0,0.000000,0.000000,0.000000
3.5,0,0,0,-1,0,0.000000,0.000000,0.000000
,0,0,0,0,0,0.000000,0.000000,0.000000
,0,0,0,0,0,0.000000,0.000000,0.000000
,0,0,0,0,0,0.000000,0.000000,0.000000
,0,0,0,0,0,0.000000,0.000000,0.000000
,0,0,0,0,0,0.000000,0.000000,0.000000
,0,0,0,0,0,0.000000,0.000000,0.000000
,0,0,0,0,0,0.000000,0.000000,0.000000
,0,0,0,0,0,0.000000,0.000000,0.000000
,0,0,0,0,0,0.000000,0.000000,0.000000
3.55,0,0,0,-1,0,0.000000,0.000000,0.000000
,0,0,0,0,0,0.000000,0.000000,0.000000
,0,0,0,0,0,0.000000,0.000000,0.000000
,0,0,0,0,0,0.000000,0.000000,0.000000
,0,0,0,0,0,0.000000,0.000000,0.000000
,0,0,0,0,0,0.000000,0.000000,0.000000
,0,0,0,0,0,0.000000,0.000000,0.000000
,0,0,0,0,0,0.000000,0.000000,0.000000
,0,0,0,0,0,0.000000,0.000000,0.000000
,0,0,0,0,0,0.000000,0.000000,0.000000
3.6,0,0,0,-1,0,0.000000,0.000000,0.000000
,0,0,0,0,0,0.000000,0.000000,0.000000
,0,0,0,0,0,0.000000,0.000000,0.000000
,0,0,0,0,0,0.000000,0.000000,0.000000
,0,0,0,0,0,0.000000,0.000000,0.000000
,0,0,0,0,0,0.000000,0.000000,0.000000
,0,0,0,0,0,0.000000,0.000000,0.000000
,0,0,0,0,0,0.000000,0.000000,0.000000
,0,0,0,0,0,0.000000,0.000000,0.000000
,0,0,0,0,0,0.000000,0.000000,0.000000
3.65,0,0,0,-1,0,0.000000,0.000000,0.000000
,0,0,0,0,0,0.000000,0.000000,0.000000
,0,0,0,0,0,0.000000,0.000000,0.000000
,0,0,0,0,0,0.000000,0.000000,0.000000
,0,0,0,0,0,0.000000,0.000000,0.000000
,0,0,0,0,0,0.000000,0.000000,0.000000
,0,0,0,0,0,0.000000,0.000000,0.000000
,0,0,0,0,0,0.000000,0.000000,0.000000
,0,0,0,0,0,0.000000,0.000000,0.000000
,0,0,0,0,0,0.000000,0.000000,0.000000
3.7,0,0,0,-1,0,0.000000,0.000000,0.000000
,0,0,0,0,0,0.000000,0.000000,0.000000
,0,0,0,0,0,0.000000,0.000000,0.000000
,0,0,0,0,0,0.000000,0.000000,0.000000
,0,0,0,0,0,0.000000,0.000000,0.000000
,0,0,0,0,0,0.000000,0.000000,0.000000
,0,0,0,0,0,0.000000,0.000000,0.000000
,0,0,0,0,0,0.000000,0.000000,0.000000
,0,0,0,0,0,0.000000,0.000000,0.000000
,0,0,0,0,0,0.000000,0.000000,0.000000
3.75,0,0,0,-1,0,0.000000,0.000000,0.000000
,0,0,0,0,0,0.000000,0.000000,0.000000
,0,0,0,0,0,0.000000,0.000000,0.000000
,0,0,0,0,0,0.000000,0.000000,0.000000
,0,0,0,0,0,0.000000,0.000000,0.000000
,0,0,0,0,0,0.000000,0.000000,0.000000
,0,0,0,0,0,0.000000,0.000000,0.000000
,0,0,0,0,0,0.000000,0.000000,0.000000
,0,0,0,0,0,0.000000,0.000000,0.000000
,0,0,0,0,0,0.000000,0.000000,0.000000
3.8,0,0,0,-1,0,0.000000,0.000000,0.000000
,0,0,0,0,0,0.000000,0.000000,0.000000
,0,0,0,0,0,0.000000,0.000000,0.000000
,0,0,0,0,0,0.000000,0.000000,0.000000
,0,0,0,0,0,0.000000,0.000000,0.000000
,0,0,0,0,0,0.000000,0.000000,0.000000
,0,0,0,0,0,0.000000,0.000000,0.000000
,0,0,0,0,0,0.000000,0.000000,0.000000
,0,0,0,0,0,0.000000,0.000000,0.000000
,0,0,0,0,0,0.000000,0.000000,0.000000
3.85,0,0,0,-1,0,0.000000,0.000000,0.000000
,0,0,0,0,0,0.000000,0.000000,0.000000
,0,0,0,0,0,0.000000,0.000000,0.000000
,0,0,0,0,0,0.000000,0.000000,0.000000
,0,0,0,0,0,0.000000,0.000000,0.000000
,0,0,0,0,0,0.000000,0.000000,0.000000
,0,0,0,0,0,0.000000,0.000000,0.000000
,0,0,0,0,0,0.000000,0.000000,0.000000
,0,0,0,0,0,0.000000,0.000000,0.000000
,0,0,0,0,0,0.000000,0.000000,0.000000
3.9,0,0,0,-1,0,0.000000,0.000000,0.000000
,0,0,0,0,0,0.000000,0.000000,0.000000
,0,0,0,0,0,0.000000,0.000000,0.000000
,0,0,0,0,0,0.000000,0.000000,0.000000
,0,0,0,0,0,0.000000,0.000000,0.000000
,0,0,0,0,0,0.000000,0.000000,0.000000
,0,0,0,0,0,0.000000,0.000000,0.000000
,0,0,0,0,0,0.000000,0.000000,0.000000
,0,0,0,0,0,0.000000,0.000000,0.000000
,0,0,0,0,0,0.000000,0.000000,0.000000
3.95,0,0,0,-1,0,0.000000,0.000000,0.000000
,0,0,0,0,0,0.000000,0.000000,0.000000
,0,0,0,0,0,0.000000,0.000000,0.000000
,0,0,0,0,0,0.000000,0.000000,0.000000
,0,0,0,0,0,0.000000,0.000000,0.000000
,0,0,0,0,0,0.000000,0.000000,0.000000
,0,0,0,0,0,0.000000,0.000000,0.000000
,0,0,0,0,0,0.000000,0.000000,0.000000
,0,0,0,0,0,0.000000,0.000000,0.000000
,0,0,0,0,0,0.000000,0.000000,0.000000
4,0,0,0,-1,0,0.000000,0.000000,0.000000
,0,0,0,0,0,0.000000,0.000000,0.000000
,0,0,0,0,0,0.000000,0.000000,0.000000
,0,0,0,0,0,0.000000,0.000000,0.000000
,0,0,0,0,0,0.000000,0.000000,0.000000
,0,0,0,0,0,0.000000,0.000000,0.000000
,0,0,0,0,0,0.000000,0.000000,0.000000
,0,0,0,0,0,0.000000,0.000000,0.000000
,0,0,0,0,0,0.000000,0.000000,0.000000
,0,0,0,0,0,0.000000,0.000000,0.000000
4.05,0,0,0,-1,0,0.000000,0.000000,0.000000
,0,0,0,0,0,0.000000,0.000000,0.000000
,0,0,0,0,0,0.000000,0.000000,0.000000
,0,0,0,0,0,0.000000,0.000000,0.000000
,0,0,0,0,0,0.000000,0.000000,0.000000
,0,0,0,0,0,0.000000,0.000000,0.000000
,0,0,0,0,0,0.000000,0.000000,0.000000
,0,0,0,0,0,0.000000,0.000000,0.000000
,0,0,0,0,0,0.000000,0.000000,0.000000
,0,0,0,0,0,0.000000,0.000000,0.000000
4.1,0,0,0,-1,0,0.000000,0.000000,0.000000
,0,0,0,0,0,0.000000,0.000000,0.000000
,0,0,0,0,0,0.000000,0.000000,0.000000
,0,0,0,0,0,0.000000,0.000000,0.000000
,0,0,0,0,0,0.000000,0.000000,0.000000
,0,0,0,0,0,0.000000,0.000000,0.000000
,0,0,0,0,0,0.000000,0.000000,0.000000
,0,0,0,0,0,0.000000,0.000000,0.000000
,0,0,0,0,0,0.000000,0.000000,0.000000
,0,0,0,0,0,0.000000,0.000000,0.000000
4.15,0,0,0,-1,0,0.000000,0.000000,0.000000
,0,0,0,0,0,0.000000,0.000000,0.000000
,0,0,0,0,0,0.000000,0.000000,0.000000
,0,0,0,0,0,0.000000,0.000000,0.000000
,0,0,0,0,0,0.000000,0.000000,0.000000
,0,0,0,0,0,0.000000,0.000000,0.000000
,0,0,0,0,0,0.000000,0.000000,0.000000
,0,0,0,0,0,0.000000,0.000000,0.000000
,0,0,0,0,0,0.000000,0.000000,0.000000
,0,0,0,0,0,0.000000,0.000000,0.000000
4.2,0,0,0,-1,0,0.000000,0.000000,0.000000
,0,0,0,0,0,0.000000,0.000000,0.000000
,0,0,0,0,0,0.000000,0.000000,0.000000
,0,0,0,0,0,0.000000,0.000000,0.000000
,0,0,0,0,0,0.000000,0.000000,0.000000
,0,0,0,0,0,0.000000,0.000000,0.000000
,0,0,0,0,0,0.000000,0.000000,0.000000
,0,0,0,0,0,0.000000,0.000000,0.000000
,0,0,0,0,0,0.000000,0.000000,0.000000
,0,0,0,0,0,0.000000,0.000000,0.000000
4.25,0,0,0,-1,0,0.000000,0.000000,0.000000
,0,0,0,0,0,0.000000,0.000000,0.000000
,0,0,0,0,0,0.000000,0.000000,0.000000
,0,0,0,0,0,0.000000,0.000000,0.000000
,0,0,0,0,0,0.000000,0.000000,0.000000
,0,0,0,0,0,0.000000,0.000000,0.000000
,0,0,0,0,0,0.000000,0.000000,0.000000
,0,0,0,0,0,0.000000,0.000000,0.000000
,0,0,0,0,0,0.000000,0.000000,0.000000
,0,0,0,0,0,0.000000,0.000000,0.000000
4.3,0,0,0,-1,0,0.000000,0.000000,0.000000
,0,0,0,0,0,0.000000,0.000000,0.000000
,0,0,0,0,0,0.000000,0.000000,0.000000
,0,0,0,0,0,0.000000,0.000000,0.000000
,0,0,0,0,0,0.000000,0.000000,0.000000
,0,0,0,0,0,0.000000,0.000000,0.000000
,0,0,0,0,0,0.000000,0.000000,0.000000
,0,0,0,0,0,0.000000,0.000000,0.000000
,0,0,0,0,0,0.000000,0.000000,0.000000
,0,0,0,0,0,0.000000,0.000000,0.000000
4.35,0,0,0,-1,0,0.000000,0.000000,0.000000
,0,0,0,0,0,0.000000,0.000000,0.000000
,0,0,0,0,0,0.000000,0.000000,0.000000
,0,0,0,0,0,0.000000,0.000000,0.000000
,0,0,0,0,0,0.000000,0.000000,0.000000
,0,0,0,0,0,0.000000,0.000000,0.000000
,0,0,0,0,0,0.000000,0.000000,0.000000
,0,0,0,0,0,0.000000,0.000000,0.000000
,0,0,0,0,0,0.000000,0.000000,0.000000
,0,0,0,0,0,0.000000,0.000000,0.000000
4.4,0,0,0,-1,0,0.000000,0.000000,0.000000
,0,0,0,0,0,0.000000,0.000000,0.000000
,0,0,0,0,0,0.000000,0.000000,0.000000
,0,0,0,0,0,0.000000,0.000000,0.000000
,0,0,0,0,0,0.000000,0.000000,0.000000
,0,0,0,0,0,0.000000,0.000000,0.000000
,0,0,0,0,0,0.000000,0.000000,0.000000
,0,0,0,0,0,0.000000,0.000000,0.000000
,0,0,0,0,0,0.000000,0.000000,0.000000
,0,0,0,0,0,0.000000,0.000000,0.000000
4.45,0,0,0,-1,0,0.000000,0.000000,0.000000
,0,0,0,0,0,0.000000,0.000000,0.000000
,0,0,0,0,0,0.000000,0.000000,0.000000
,0,0,0,0,0,0.000000,0.000000,0.000000
,0,0,0,0,0,0.000000,0.000000,0.000000
,0,0,0,0,0,0.000000,0.000000,0.000000
,0,0,0,0,0,0.000000,0.000000,0.000000
,0,0,0,0,0,0.000000,0.000000,0.000000
,0,0,0,0,0,0.000000,0.000000,0.000000
,0,0,0,0,0,0.000000,0.000000,0.000000
4.5,0,0,0,-1,0,0.000000,0.000000,0.000000
,0,0,0,0,0,0.000000,0.000000,0.000000
,0,0,0,0,0,0.000000,0.000000,0.000000
,0,0,0,0,0,0.000000,0.000000,0.000000
,0,0,0,0,0,0.000000,0.000000,0.000000
,0,0,0,0,0,0.000000,0.000000,0.000000
,0,0,0,0,0,0.000000,0.000000,0.000000
,0,0,0,0,0,0.000000,0.000000,0.000000
,0,0,0,0,0,0.000000,0.000000,0.000000
,0,0,0,0,0,0.000000,0.000000,0.000000
4.55,0,0,0,-1,0,0.000000,0.000000,0.000000
,0,0,0,0,0,0.000000,0.000000,0.000000
,0,0,0,0,0,0.000000,0.000000,0.000000
,0,0,0,0,0,0.000000,0.000000,0.000000
,0,0,0,0,0,0.000000,0.000000,0.000000
,0,0,0,0,0,0.000000,0.000000,0.000000
,0,0,0,0,0,0.000000,0.000000,0.000000
,0,0,0,0,0,0.000000,0.000000,0.000000
,0,0,0,0,0,0.000000,0.000000,0.000000
,0,0,0,0,0,0.000000,0.000000,0.000000
4.6,0,0,0,-1,0,0.000000,0.000000,0.000000
,0,0,0,0,0,0.000000,0.000000,0.000000
,0,0,0,0,0,0.000000,0.000000,0.000000
,0,0,0,0,0,0.000000,0.000000,0.000000
,0,0,0,0,0,0.000000,0.000000,0.000000
,0,0,0,0,0,0.000000,0.000000,0.000000
,0,0,0,0,0,0.000000,0.000000,0.000000
,0,0,0,0,0,0.000000,0.000000,0.000000
,0,0,0,0,0,0.000000,0.000000,0.000000
,0,0,0,0,0,0.000000,0.000000,0.000000
